	C01	C02	C03	C04	C05	C06	C07	C08	C09	C10	C11	C12	C13	C14	C15	C16	C17	C18	C19	C20	C21	C22	C23	C24	C49	C50	C51	C52	C54	C55	C56	C57	C58	C59	C60	C61	C62	C63	C64	C66	C67	C68	C69	C70	C71	C72	C73	C74
4632434I11Rik	0	0.0963425	3.44604	10.8207	1.28004	0.71976	0	1.57845	0	0.153198	0	0	1.14092	1.43128	20.1361	1.97997	0	1.61629	3.97516	16.17	1.32705	1.18654	0.0937796	0	22.9534	0	47.8612	76.3076	3.21505	11.4908	21.2012	8.89249	2.4285	1.4055	0	4.51122	30.426	28.7893	17.5306	16.4346	0	0	12.0601	25.034	0.102833	0.524722	1.626	0
Abi1	7.0838	13.0348	1.85126	13.8672	17.9881	30.493	8.91857	1.99851	30.4381	11.3588	0.807602	30.197	16.5042	32.6436	1.37861	14.1919	0.694416	2.27177	8.31269	0.530651	6.71108	3.13369	9.97837	19.4426	41.9966	3.82546	6.09673	25.1887	0.363428	16.2211	22.6992	2.40839	15.1723	55.4587	38.8126	44.546	2.91339	15.644	0.244579	13.375	0	25.1975	23.7451	10.2395	7.07292	0.0939836	41.3351	0.784958
Ada	0	0	3.95662	1.67923	0	0	8.63936	0	0	0	0	1.35481	0	0	0	0	0.655922	0.574589	0	2.27564	0	0	0	0	0	0	0.00780407	0	1.54775	0	0	2.22461	17.9188	0	4.51934	0	0	4.8456	6.12316	11.9894	0	21.0028	0	0	0	0.402495	0	0
Adam17	11.8225	19.0011	5.66554	0	11.9866	7.29117	19.0478	1.57869	5.63317	3.6567	0	0	0	21.6732	1.25239	3.16516	8.14583	8.0397	15.6518	4.56322	0	3.19786	13.9391	0.720185	0	6.41235	3.20145	0	1.82704	0	3.47599	0.806641	2.24423	20.97	0	9.1412	5.53057	1.36448	18.5855	1.78803	2.31077	6.82609	0	20.5688	7.36618	1.95733	2.36664	0
Add1	33.464	18.6774	8.72853	19.6213	0.51594	26.5926	18.2703	33.9434	27.23	6.15205	8.97318	29.7118	6.66828	20.4082	1.83166	2.76645	1.00438	14.8681	3.63101	4.74204	24.432	8.62372	55.1861	0	9.30444	16.2275	19.2098	11.1075	5.47525	17.8001	22.5399	24.0904	25.655	23.1413	2.49596	37.937	12.4749	1.08032	4.57185	45.7644	32.4235	6.40455	42.6026	26.5684	32.7732	32.7619	40.7878	22.2424
Adrm1	44.4241	33.2673	101.226	121.773	5.97041	40.384	83.4576	63.6684	34.5813	31.2952	26.759	37.5863	71.1018	115.111	87.985	85.0658	41.8821	98.4026	44.0572	47.6834	61.3	28.3678	40.7703	17.7898	47.8806	83.4612	78.556	38.3982	48.3137	12.2136	41.0442	33.8032	54.4386	34.3295	35.1329	52.1326	25.5489	26.4196	34.6352	38.7307	0.254649	40.8992	10.2128	76.7076	130.127	38.0535	19.7999	41.8392
Ahctf1	2.84213	3.72701	29.2487	4.04994	0.553514	17.9957	6.01612	10.5071	1.57148	18.5687	2.34935	22.4477	7.46744	12.0169	0.356777	10.7566	1.29663	2.74261	6.84339	0.0924201	16.2346	2.21988	18.7828	12.9179	0.0385788	0.779028	10.6292	2.90225	7.83685	3.83927	4.36412	4.65804	2.27226	3.72114	3.64808	2.54848	2.54938	6.35285	7.6128	4.56763	2.047	3.18756	16.4276	6.58463	12.707	14.5481	6.8083	0.205042
Alas2	0	0	0	1.76882	17.7279	1.19044	0	0	0	0	0	0	0	0	0	0	1.97026	0	0.356672	0	0	0	0	0	0	0	0	0	0	0	0	0	0	0	0	0.0339875	1.0917	0	21.5062	0	0.00888436	0	0	0	0	0	0	0
Angpt1	0	2.41978	0.288574	0	0	0.52706	0.0205945	0.00314744	0	0	0	0	0	0	0	0	0.020065	0	0.0263716	0.00794768	0	0.00496522	0	0	0	0	0	0	0.00354438	0	0	1.06418	3.15053	0	0.224338	0	0	0	3.30303	0	0	0	0	0	0	0	0	0
Angpt2	1.75451	0.138035	0.164477	0.14918	0	0	0	0	0.0842302	0.21973	0	4.79534	0	0.171079	3.56589	0	0	1.42717	0	0.176953	0	10.0393	0	0	0	0	0	0	0	0	0	6.30715	0	0	0	0	0.0923529	0	0	2.49177	0	0	0	0	0	0.375933	0	0
Anxa2	243.617	67.826	62.9868	48.5917	68.9969	46.8916	52.2123	0.420141	58.8282	174.373	25.6974	27.3871	12.5391	11.7632	1.86005	69.4201	2.98995	41.0515	31.5886	3.12331	33.2033	1.71215	12.1329	0	20.3371	13.3934	11.2122	6.11238	149.902	95.0815	121.692	42.0686	112.403	0.564347	3.00511	4.22199	2.69336	18.6627	80.0487	8.11534	0	0	0.26107	13.3479	136.657	91.3137	10.3724	0.201887
Apc	5.63689	12.0461	5.00481	4.3036	1.24708	8.73574	4.16942	10.4444	2.24508	3.30772	1.56609	6.88988	5.74418	4.90941	0.467034	6.89411	15.0344	0.85059	0.348871	5.63024	11.8415	3.3438	2.66868	4.91168	5.4882	3.01592	30.8603	0.237324	4.51256	2.23048	13.4226	5.07923	0.831716	15.5847	6.88063	0.245555	5.19948	1.97934	0.343256	3.67893	0.278222	0.00191725	10.1663	6.99686	0.840321	5.67411	1.33523	0.333837
Arid4a	4.75336	4.72526	8.53921	1.15126	0	9.65685	0.599904	9.23765	8.22147	2.22072	0.97023	0.107909	5.91712	2.21299	0	13.6758	1.08671	2.5222	3.09856	7.17257	5.72502	5.74557	2.23031	3.25056	5.42695	2.74729	16.7739	1.04203	17.3364	3.18119	0.827407	17.4478	6.33846	12.2937	7.15478	9.80489	1.80357	1.48094	4.19288	5.83895	12.1791	4.40289	0.925958	4.00624	3.46051	8.09565	4.19868	0.676853
Arih2	0.492525	13.8593	1.40232	15.4176	0.343402	11.4487	0.321679	3.40851	0.924956	2.40341	0.0728345	0.567336	0.612181	11.9755	1.23881	0.949424	0.87741	1.7336	0.329557	12.589	1.25818	7.65307	1.55316	8.97246	3.3498	4.14748	1.78131	0.783563	0.811888	2.74007	1.51786	6.8439	18.3104	2.97548	0.155744	0.995899	23.2189	2.41395	0.595359	3.03478	0.917735	7.15388	2.14284	25.9609	18.9148	0.228733	0.315061	0.761257
Atm	2.23856	1.94036	3.98442	1.00334	1.19038	2.95424	0.189691	0.562389	8.83947	2.74087	10.6356	6.07708	7.59338	3.59369	0.735955	10.7985	26.7588	0.345788	5.19369	1.87151	1.35	4.2574	15.076	5.63933	5.19397	2.29154	4.20376	17.1502	3.25881	0.274646	2.44485	2.39234	4.40875	0.305839	0.206113	6.06215	5.20829	4.31782	0.149918	17.3487	1.11142	3.58958	4.56344	13.3372	11.473	1.51737	3.45856	1.04683
Atp7a	0.114959	0.321712	0.48602	0.749054	0.137339	1.7777	5.51808	2.53385	0.0565137	1.69722	0.176998	2.78735	3.69979	0.201227	0.0110734	0.00841699	0.00880464	1.5127	10.4435	0.120522	0.61766	0.0530741	0.129067	4.17442	6.64626	5.39711	0.0345059	0.00243951	0.0362701	10.7244	0.0333338	0.0198179	4.16522	0.0102117	0.332779	0.117712	0.981519	0.0805308	0.839655	2.69832	1.6779	0.266274	0.071687	2.37717	0	0.382725	0.0275981	0.0297032
Atpif1	596.208	560.872	552.026	661.664	890.252	673.125	417.318	497.237	417.429	343.229	294.955	731.352	529.5	532.959	102.734	631.493	434.185	439.547	650.819	654.754	880.749	579.344	515.778	648.48	819.952	478.215	536.061	652.725	553.855	851.012	326.593	487.823	662.897	403.344	302.819	388.112	432.145	336.843	613.045	436.844	701.785	352.99	542.484	473.14	559.404	327.103	439.923	420.828
Azi2	0.0128995	7.30807	3.32148	3.11206	10.585	2.33284	0.121177	12.8685	15.1861	11.1401	0.0201737	3.24328	6.54159	2.62371	0.706051	6.71057	0.389057	2.14092	0.00647249	34.1682	0.445805	12.414	0.00988469	0.932174	15.0435	3.86616	0.0232858	4.10072	5.22143	10.7382	0.0108234	5.95429	8.82291	0.158176	0.274318	15.2567	1.16385	0.178738	30.6382	0.769818	1.62337	3.61202	6.38066	0.0227452	15.5633	2.71619	0.00618354	1.26487
B2m	150.978	87.7559	98.0218	89.0341	125.071	17.5732	59.7013	19.7294	30.0137	119.704	29.1413	82.373	29.3955	17.1741	80.1211	12.5951	4.28212	34.0025	116.64	39.1534	25.9116	20.7081	71.0701	14.7866	25.0334	2.2883	76.4199	49.8449	112.802	48.1377	7.56877	68.9667	42.9409	7.18617	43.5968	62.6032	60.2321	45.5399	57.9132	12.7221	17.2923	59.4762	24.734	68.4489	46.226	21.3794	65.0513	48.1019
Batf	0.44815	0	0	0	0	0	0	0	0	21.2743	0	0	19.1056	0	0	0	0	0.298716	0	34.1331	0	0	0	0	0	0	0	0	0	0	0	0	0	0	0	0	0	0	0	0	101.771	0	0	0	0	0	0	0
Bax	2.83549	40.9608	2.28524	71.2591	24.0964	98.6189	5.86903	16.0391	35.5893	51.8527	41.5187	49.3243	24.5175	97.0446	0	51.9968	0	44.76	39.3204	58.9628	60.3503	33.5193	33.5082	9.68252	57.4195	83.958	16.5091	24.367	17.8638	20.4888	36.0315	20.6715	26.9113	52.4669	24.5516	12.4726	29.1398	22.5351	27.5514	88.5075	18.8911	27.0691	43.4741	42.3172	53.178	36.3372	7.65551	0
Bcl11a	0.0103108	0.0131917	0	0.0241573	0.0404539	1.4336	0.030327	10.5965	1.27354	0.0460972	0.0137335	0.0242438	0.359016	0.472882	0.00717139	0.267776	0	11.1506	0.0565536	16.9144	0	0.0779096	0.0612268	0	0.0119404	0.0482406	0.00186667	12.0106	0.0259826	0.0254269	0.0166285	0.0502174	4.05358	8.95829	0.0122308	0.00426445	1.40846	10.5341	0.00207677	0.10596	0.026333	1.45851	0.442527	0.043225	0.021729	0.0252014	0.0895841	0.0649737
Bcl11b	0	0.00204807	0	0.0111989	0.0136424	0.0287911	0.00795558	0.0162144	0	0.0032521	0	0.00197603	0	0.410613	0.0266315	0	0.0489436	0	0.0370138	0	0.0288179	0	4.03797	0	0.00835225	0.533421	0.00144952	0.0274306	0	0.0387323	0.0170712	4.44775	0	1.79646	0.023437	0	0.00930633	0.00848055	0.00161183	0.00411335	0.034416	0.0206018	0	0.023234	8.65921	0.0879295	0.0247865	0.043224
Bcl2	0.190124	0.197435	0.0494754	0.172445	0.0854708	3.41813	0.242134	0.211427	0.0947886	5.02655	0.0874449	0.0593916	0.0732162	0.825476	0.0549515	0.0990705	0.0900912	5.77117	0.0956997	0.076234	0.190912	0.143109	0.0750706	0.76568	2.84275	0.161038	0.0319406	1.67648	0.0990458	0.0397934	0.128165	0.117756	0.171252	0.07097	0.338282	0.0927652	0.144162	0.985892	0.154388	0.0677699	0.108428	0.205105	0.0961872	0.660383	0.0816986	0.937079	0.0907058	0.068043
Bcl2l11	12.7968	0.0761678	2.71831	0.592697	0.0173948	1.16501	0.013038	0.0413295	14.2069	0.446185	0.0090028	0.115723	9.57699	0.624225	0.162983	3.91452	0.00761866	1.45485	0.0133476	7.78797	0.00779802	0.0398783	0.113085	0	0.582042	0.0473475	0.0578867	13.5312	0.143958	0.200326	0.082208	0.0458996	0.0841018	0.241074	0.278252	0.0629645	0.792387	6.39681	2.04134	0.0273228	0.00336947	0.109704	8.36721	0.0516388	0.010885	12.8583	1.47507	0.023848
Blm	3.26232	7.10327	6.26949	4.84165	10.6729	1.72358	4.02691	2.82779	2.48576	5.98256	8.93811	3.57254	6.31006	4.39402	26.877	11.8245	3.1295	0.824278	17.0689	2.45637	6.76701	9.35544	2.6955	10.3357	41.2123	23.1208	9.14209	4.14272	1.43649	5.79455	7.47086	10.9191	1.61073	6.80767	4.90625	10.7168	5.81832	9.60517	8.27764	4.27812	0.141171	5.56912	9.63954	6.83964	2.25246	24.6297	21.8503	0.107377
Bmp4	69.0942	61.6629	139.753	164.46	43.2896	3.74265	87.3126	1.48255	89.3093	40.2472	70.4597	39.4156	116.329	26.3024	1.1536	79.2894	84.1628	39.6842	93.6362	64.2939	85.9241	27.7756	11.8199	60.1292	109.168	0.610623	81.1822	10.444	54.9799	23.5925	33.0028	17.6545	17.4527	14.614	83.0118	44.1783	28.0461	102.257	71.198	156.159	2.28588	1.18104	13.67	28.9948	24.346	72.1036	63.9397	41.7268
Bpgm	51.5823	8.08832	1.60556	32.0689	8.6085	3.02162	0	20.0843	2.05352	0	0	1.30095	0	0	0	0.346308	0	0.436022	0.496087	5.51068	0	0	39.7391	13.1843	0	11.1997	12.1215	3.21757	0.147465	18.0292	3.03814	0.651766	2.3392	0	19.6805	7.85436	0	7.79779	9.03657	17.5677	0	2.53669	0	26.0699	1.97983	1.22387	0	0
Braf	28.205	63.26	117.351	63.7598	74.1389	75.4052	46.1831	94.3607	78.0019	62.9968	72.9171	78.723	21.7035	42.1801	17.7613	80.1325	34.513	75.7689	55.4557	58.9493	33.3655	49.7547	80.0431	28.448	78.3472	19.7049	57.2132	20.8713	41.5235	68.5823	69.15	78.5173	72.5532	56.3673	37.7434	55.8285	77.1701	41.0414	25.4598	42.0311	17.3962	43.2078	28.649	58.8056	25.2481	44.4009	72.378	45.1278
Brca2	7.02144	0.903504	0.93751	4.51568	0.0615765	1.65657	3.87863	18.3287	35.3007	4.82868	1.25461	1.91775	0.301922	1.63766	15.3613	6.08102	1.48805	10.1622	3.95724	9.17521	13.5357	1.74076	2.81136	7.27864	0.939173	1.02125	8.82713	0	2.01652	0.702549	1.48641	16.2864	6.21759	1.1916	0.0304628	0.720876	9.01734	9.96196	9.71603	5.05061	0.539438	0.851957	1.53506	0.640325	3.855	1.50338	0.762874	0.456354
Camk4	0.863969	0.931716	3.03291	8.07949	0.445327	3.11281	0.532404	7.91202	0.521582	3.49338	1.60728	0.927447	3.82108	7.49791	0.720324	7.35618	2.70881	0.764427	0.522199	12.8104	2.61468	2.7109	0.64331	0.607974	4.83665	5.45174	3.26884	0.310598	0.530298	0.468159	0.770581	6.18134	5.92456	0.760205	0.95502	0.38725	4.0985	0.310818	11.0245	0.384162	0.948163	0.855559	20.6977	2.33301	0.543859	4.34543	6.41644	18.1532
Casp3	14.7998	1.00811	0	22.9256	25.7423	34.2624	2.31038	48.4118	30.4399	1.2071	21.5767	36.4889	0	18.172	0	7.76948	0	0	37.6113	0.970763	51.2246	0	10.8209	22.3419	7.08262	3.51197	26.5996	0	12.082	0	4.5339	0.0647891	21.0237	52.8864	1.16787	25.0612	5.69925	25.2157	24.0828	8.58024	5.97394	9.28305	16.795	0	26.6721	5.95018	15.3393	0
Casp8	0.0173567	0	0.0282005	0.0170541	0.877931	0.132771	0	0.0100626	0.0909714	0.0753601	0	2.49228	0	0.00880121	0.024777	0.0072963	0.15925	0	0	0	0	0.892872	1.82599	0.0692898	0	0	0.278722	0	0	32.5866	0.0981635	0.764579	0	0.00987077	0.00658205	2.23295	0.0189986	0	0.112241	0	0.0727349	0.0926778	0.136863	0.167108	0	0.0272166	0	1.18941
Cbfa2t3	1.23599	1.72909	0.027595	5.73319	1.0817	0.825917	2.29494	0.00163695	2.71442	0.00332801	0	0	12.4904	0.00259092	0	0.0433352	0.00313568	0	0.661703	0.00298135	0	0.0236326	0	0	0.0445395	0.0129247	2.41909	0	0.00184538	0.275391	0.0595331	1.40938	1.86117	0	0.46922	0.00118646	0	0	4.84584	0	3.91448	0.00158071	1.54155	0	0.00447166	3.33014	0.0791224	0.00264464
Cbfb	0.239083	5.13574	15.1566	19.0412	1.99937	0.799867	0.371347	0.190698	4.40563	4.28055	0.105822	0.943971	24.3902	3.76972	17.5318	0	0	4.58513	0	0	12.3524	9.34236	3.21504	1.1897	2.45781	4.88007	2.74055	17.0573	15.8729	0.113708	12.1407	0	45.3256	19.2465	7.13795	2.06614	25.518	54.681	7.61256	0.244956	45.7297	0.644752	4.12312	15.5996	2.48045	7.88129	3.09492	11.0575
Ccnb2	3.46343	128.121	258.565	155.308	123.882	127.59	33.1742	68.4663	16.9111	95.2648	94.9045	70.1419	117.888	268.031	16.0837	78.3146	195.179	107.71	40.3046	105.099	106.747	67.3333	150.308	64.9849	129.57	86.5536	21.2597	61.8215	33.5482	156.957	101.53	66.3208	30.1114	276.576	42.6425	61.4861	55.9141	145.65	144.278	77.5104	95.285	76.4634	118.346	134.499	77.1695	107.337	20.7707	18.0164
Cd24a	192.463	136.239	68.3966	298.047	241.582	69.073	88.0515	89.4088	120.801	213.455	154.593	120.936	273.098	70.5513	2.30246	225.84	11.8605	159.579	320.978	95.1558	293.57	40.4326	77.4751	164.542	162.691	128.936	212.936	381.441	210.511	112.164	104.22	193.456	247.92	317.259	217.277	132.737	57.2886	250.078	181.827	216.326	44.4229	140.392	145.558	121.533	104.267	125.114	334.439	9.66641
Cd300lf	0.67838	0.113498	0.348819	0.490426	0.447064	0.418269	0.520955	0.946089	0.0498588	0.629898	0.19135	0.309333	0.809124	0.474219	1.45366	24.1044	0.576907	0.465078	0.145758	0.255214	1.08743	0.888646	0.238929	0.0922333	0.994774	1.034	0.191415	0.128177	0.204294	0.650973	0.874436	0.282867	0.215282	1.33913	2.40849	0.850695	1.69393	0.486832	0.410434	0.320087	0.916126	1.91968	0.559061	0.821249	0.887268	0.289045	0.543728	0.797513
Cd34	0	0	0	0	0	0.0605774	0.0175593	0	0	0.2063	0.0399002	0	0	0.171845	0	0	0.0321489	0	26.9621	0	0	0	0	0	0	0	0	0.00889721	0.0465798	0.00645399	3.82839	0	0	0	0	0.0780114	2.05053	0	0	0	0.969115	0	0	0.0388448	0	2.01393	5.84799	0
Cd8a	0	0	10.693	0.016589	0	0.100954	0.827457	0.842952	1.38685	0	0.18735	0	0	0.401511	0	0	0	0	0	0	23.6739	0.266269	0	0	1.57511	2.33577	0	0	0.474268	0.201354	0	0.418944	0	0	0.200377	9.44325	0.0723418	0.253012	0	0.433709	0	0	0.104088	0	0.57683	0.637675	0.222907	0
Cdk13	0.140511	0.0930627	3.28635	0.831106	9.56071	4.40496	0.213966	4.18091	1.79659	3.6579	4.20016	5.34252	0.586565	12.8282	1.4219	3.60052	0.695982	4.22605	5.01947	2.56178	0.0534047	2.11805	5.09151	0.450446	1.0296	13.6316	0.345738	1.38829	0.762914	0.320461	3.02731	13.5592	2.40881	0.0533043	1.07856	4.84546	4.66088	1.20437	2.82	1.49515	0.532184	0.177215	4.79676	0.677053	1.34033	0.514061	1.07156	1.09535
Cdk6	0	0.0691713	23.9256	0.0342634	0	0	0.846974	21.6755	0	0	0.0199757	0	0.251973	2.05754	0	0	0	0.0893976	0	0	0	0	0	0	0	0	0.488235	0	0	0	0	0.321413	2.96637	0.144231	0	0	0	2.10906	0	0	0	0	0	0	5.17029	0	0	0
Cebpg	0.610181	4.19767	1.1586	9.43672	2.41124	0.0215831	0.478397	34.8593	26.2948	13.0373	4.06699	36.629	0.192809	33.6476	1.31775	9.48583	0	2.05744	0	0	1.27418	11.529	3.91549	48.4522	1.33605	0.321086	0.245334	1.80823	0.492442	0.25875	2.54115	0	12.0617	0.0867316	8.50717	13.5404	39.6483	19.0629	2.52479	0	0.836018	35.2287	0.100163	4.73859	1.99901	14.8659	17.1822	0.681804
Cfc1	163.857	143.177	126.929	203.889	238.545	202.563	71.6064	360.06	126.678	59.9367	222.897	346.678	31.9352	183.516	105.965	462.057	192.177	206.054	508.182	81.0285	182.445	340.699	336.622	144.503	308.068	30.2287	197.817	85.8146	265.243	48.4486	179.522	241.969	210.413	167.742	19.4564	79.3382	131.672	75.9116	203.052	178.604	21.7758	188.031	134.188	81.9905	532.282	162.3	183.195	78.5075
Chd2	2.82499	3.3836	0	8.1452	30.8318	5.85425	3.97079	9.7395	0	5.95596	0	0.785767	10.3229	6.52185	0	9.73198	17.7402	4.20073	6.0691	0.0899117	4.23365	21.0697	19.5947	6.02588	3.45514	4.99886	1.27492	5.10944	7.69641	0	4.20777	2.76429	5.57065	4.20702	4.59224	4.27251	4.38129	0	5.89359	3.98057	9.71309	5.45623	3.48443	10.2986	0.413946	2.26918	32.1292	4.71198
Chd7	1.77935	1.58393	1.97067	3.45373	0.313196	5.93867	2.55746	1.86917	0.692326	2.94265	0.235432	1.04047	1.07657	1.6661	0.0317313	1.45616	4.66635	4.42631	3.20551	2.07076	13.4017	2.73557	1.37641	1.95533	11.7293	1.24676	14.29	14.1532	5.10736	4.08768	0.332626	4.53259	4.88115	3.93019	9.74902	1.45229	1.56428	10.4132	7.01431	3.51994	11.9035	0.663062	1.00727	4.29934	2.62428	2.04934	3.28805	0.128914
Chuk	2.87359	8.10367	8.65321	17.8117	1.36413	2.1367	0.876115	9.10154	0.990988	0	2.39696	2.57581	0.260338	12.0445	0.275702	0.39165	0.28418	0.261117	9.25844	4.64154	2.35282	6.92738	11.2627	14.7496	3.64192	14.0523	11.7292	2.00749	9.87988	30.7376	16.3549	26.0429	3.60468	0.49672	0	0	0	0.757413	6.57417	16.1791	26.7885	6.10673	0	0.320074	2.53076	2.2068	31.2424	0.287662
Ciapin1	5.26291	25.0074	58.6176	24.3565	15.2464	26.1217	34.4819	10.3055	8.62127	32.5457	43.2039	37.6047	40.5173	9.31192	7.40644	10.6363	16.6819	14.4733	101.246	14.5488	61.8528	56.3189	55.4219	20.5757	61.8366	36.8752	76.5322	11.6259	0.400368	2.27361	44.6441	21.684	52.1957	55.8127	27.1344	18.8241	9.2551	13.2143	36.0417	30.874	24.6912	26.5486	35.3044	20.5587	30.938	38.4212	16.7097	1.91683
Cib1	14.9212	25.353	16.2251	33.6461	22.248	12.4412	0	0	0	13.8528	5.24034	15.6688	6.44838	69.8138	0	31.2644	0	2.65577	11.4667	5.87971	26.8008	0.630171	0	86.7894	40.607	2.36755	80.774	1.21871	0.436613	0.468425	16.8849	17.8217	14.4868	0	0	21.1888	0.332851	22.1647	15.7047	15.1791	0	4.17582	36.9088	6.85268	57.5993	0.460688	38.8467	0
Cited2	16.0232	18.5191	77.8236	20.6062	10.916	21.9959	23.5607	2.21906	0.542266	15.6061	24.5133	14.4353	9.56506	4.24187	42.2122	16.6511	2.37771	10.1402	3.73684	0.959269	33.3234	7.95314	11.8018	15.6867	20.1749	0.550582	11.676	43.7322	20.9758	46.8849	22.6139	4.54415	35.0626	0	26.9038	18.389	12.4834	19.0736	12.594	35.6964	0	6.45935	16.6581	0.399315	11.6982	0	36.3718	0
Cnn2	157.064	33.2076	340.482	63.4397	66.8321	70.9618	67.5328	3.1831	26.151	198.105	0.0575402	1.34741	17.8378	197.085	120.763	60.7086	0	202.523	99.8364	0	15.8005	83.7048	0	35.2034	33.8583	10.1796	80.9492	8.82491	0	44.691	8.3292	18.4934	29.969	0	62.7601	1.90038	40.4362	17.218	41.0735	31.9761	0	24.4579	4.23342	0.22369	43.8975	27.3664	59.4144	0.299241
Crip2	239.313	17.6477	89.8997	3.04685	45.4547	5.51578	15.6299	18.2977	24.9878	80.04	1.32698	3.70299	0	50.5597	37.9097	3.94231	84.2183	129.45	52.483	0	38.7678	0	29.9506	0	60.7497	13.8611	0	19.8788	23.4032	0.712566	9.82862	16.4679	20.0436	25.1006	18.9626	161.702	81.4665	0	70.2935	0	5.80913	0	8.92399	0	35.2708	39.0174	19.6372	0.382487
Crkl	21.8618	0.0426905	0	1.93598	0	0.159423	4.31608	8.7948	0	0.135729	0.0987118	0.123577	22.4017	1.9021	0.0119909	4.21125	23.6328	0	0.50249	0.109375	4.60611	2.52308	0	0	1.7168	0.263499	0	0.00311276	0.003751	2.46686	6.87262	0.728766	0.00537941	0	4.43273	18.3648	1.77859	1.09628	14.8608	0	0	6.94993	19.6452	0.0191228	0.546739	0	0.960758	0.00644789
Ctc1	13.9261	3.71858	34.5344	2.81881	0.161078	12.7344	0	5.47751	23.6176	3.39536	2.19555	1.61407	31.8988	1.07696	0.416963	3.07816	42.5242	2.67727	8.2888	16.2151	1.18057	0.097166	1.1549	23.8081	23.634	11.7188	33.2732	1.4709	44.5164	2.80248	16.444	0.0816758	2.48392	0	21.1252	0	8.49418	1.83883	17.1962	9.37037	0.0784076	22.6047	23.9544	0.117836	26.3738	6.1545	1.57294	0.238856
Ctnnb1	71.3872	115.677	100.862	56.9303	76.6326	92.5625	106.508	62.5135	187.409	88.0343	107.357	135.986	105.847	63.67	99.5832	243.819	91.671	108.862	90.511	79.766	170.909	125.96	94.6376	62.3052	57.0255	85.2978	192.859	270.144	117.701	75.3865	43.7031	131.266	161.096	37.3464	63.4797	189.358	66.2281	193.046	110.481	111.298	71.7109	38.8595	48.6332	21.1039	60.7503	142.298	61.2881	152.24
Cul4a	4.9971	20.9996	5.11675	13.8031	0	3.06909	1.95788	16.5988	3.9086	15.6778	2.69147	2.55488	0.0831751	13.4493	0	2.25167	69.6594	6.59711	5.46315	2.3394	8.38409	17.09	1.5996	0	1.00967	12.5405	7.808	0.452497	2.7268	0	0.599846	19.8327	6.32844	30.4433	0.173992	1.95796	0.122471	8.2038	2.30125	0	12.7838	9.70191	19.6915	0	39.4667	8.61931	5.22231	0
Dclre1c	75.8657	96.1917	108.512	44.0857	80.2455	28.7001	44.4111	55.1352	49.1728	98.2466	39.2111	44.2926	69.9479	43.8417	39.6645	156.774	27.157	121.948	70.077	47.6873	151.508	54.2237	35.4441	47.0771	61.5363	108.588	90.4542	61.6971	101.86	57.6081	51.879	44.6549	58.3521	59.7522	61.8637	26.2553	30.351	44.2615	42.906	62.4856	68.4623	67.9895	62.3392	45.4911	67.7356	39.7733	45.4415	52.6951
Dicer1	7.26806	0.425764	7.97243	3.27245	0.305172	2.16789	5.40374	0.389725	3.90626	2.00542	0.237596	2.39752	2.40929	7.89737	10.3938	0	2.17409	7.31349	6.36395	4.46166	4.37049	12.5553	9.05528	1.5602	2.18155	1.89032	1.27939	7.16997	12.425	4.07264	2.60274	0.198475	7.23744	0.851279	0.754051	0.000914041	0.0922741	13.9228	1.60349	9.94285	6.39818	4.02935	0.381245	2.97222	13.6151	5.52276	0.257348	0.211939
Dnaja3	26.6304	5.12244	2.86012	2.91353	3.27745	5.16631	11.7611	3.52036	0	3.64758	13.3144	1.30082	21.9748	0.167056	7.15542	0.0153909	0.100265	0.348393	0	3.62878	0.464241	1.70313	0	2.62929	8.12741	8.74512	42.8204	6.15971	39.2291	12.8434	8.73535	7.20419	3.74032	8.01038	0	4.32422	0	7.48178	6.49191	0.540776	0.133663	22.5217	29.2269	0	7.05286	1.04814	6.57024	0
Dnase2a	0.954608	0.983172	0.759375	0.95918	1.8545	1.05397	0.646029	26.4208	0.747897	1.96995	0.559006	1.75146	0.971138	2.34182	0.711778	1.13644	0.440258	6.67268	0.552252	1.38194	0.418486	0.622909	4.5512	0.36873	0.90848	6.37926	1.40745	0.375993	1.36533	1.03555	0.854691	0.594198	1.21502	0.72601	1.34501	0.363732	1.0703	0.501103	1.59922	4.26933	1.64937	2.42056	1.01349	3.22684	0.604489	1.22046	1.05785	0.959353
Ebp	12.4244	19.0498	0	20.1688	1.46482	32.2251	0.156596	8.76991	31.8973	6.85916	31.0225	20.56	1.30519	21.6175	0	38.7296	0.45511	6.36849	53.6818	34.6932	0	1.77013	3.79487	0	62.117	77.9443	53.8292	43.1601	27.9154	0	2.18021	10.6025	35.1796	1.06863	26.3899	56.8216	0.682857	11.8273	16.8103	49.2571	0	0.308182	3.75535	12.177	1.9698	6.1374	0.959396	6.91276
Efna2	0	3.81006	1.35856	3.17109	0.499455	0.304838	0	2.41834	0.105516	0	0.846645	2.04416	0.370902	0	0	0	0.856197	0	0.639574	1.46264	7.10833	1.60773	0.635086	0	0	0.503648	1.72394	0	3.5729	0.0758068	0.556477	2.08019	0.0102804	4.25662	0	0	0.282082	0.0992399	1.28488	0.326703	0	0.858584	1.41387	4.01845	0.174028	6.21294	0.61075	0.122494
Efna4	0.221619	25.0762	18.8667	7.10956	0	3.60756	0.519273	6.52932	0	10.4793	0	20.5483	8.65768	3.37644	0	1.40807	0	32.8863	7.11475	4.65114	11.7028	1.49195	4.41837	26.7125	13.4153	16.4732	21.6884	14.1225	0.197654	12.6279	34.2952	0.524505	14.0347	1.89105	0.209915	17.4887	9.8045	0.687554	0.893939	8.16719	1.67913	10.049	3.49814	50.5688	0.726161	2.67346	14.6365	1.35714
Egr1	2.13283	50.1301	22.6288	6.36367	21.5185	45.1478	33.8431	9.87075	0.666632	3.81779	42.7892	20.3247	30.4082	66.2037	0.0764105	15.022	0	22.6774	71.921	31.1756	0	1.2096	157.094	105.105	8.22427	55.7492	9.01685	35.683	0.478741	2.94725	2.14923	18.9459	5.50128	56.1683	80.9272	5.04282	67.1808	19.4547	15.8157	2.40798	19.3443	77.7605	92.3277	65.6274	66.0451	86.655	110.77	50.5168
Eomes	12.7336	29.0588	7.78933	48.8511	134.563	48.1522	0.207882	34.687	44.1603	5.0348	51.0854	86.3509	112.592	75.2699	2.09545	96.2884	0.0158808	62.1633	45.9772	68.3094	20.1478	107.351	125.87	52.7433	38.6671	74.338	133.286	111.309	4.22234	141.912	36.3556	35.1705	63.4723	45.1454	5.20481	23.8718	50.969	35.5649	73.5036	32.9981	27.5838	25.4318	28.7628	53.6675	37.6868	70.6315	4.49649	14.7837
Epas1	0.025653	0.0333233	0.0108414	0.487161	0	0.0989255	0.0464235	0.00551879	1.01303	1.16949	0	0.00876881	0.0745282	0	0.0966957	0.0100304	0	0.00390453	0	0	0.501556	0.0877516	0	0	0.121858	0	0.0428575	0	0.0679568	0.0579106	3.8867	0.0384292	0.00381561	0.00946616	0.508368	0	0.00203503	0.011922	0.053615	0.168285	0.126478	0.0642821	0.00583011	0.0395655	9.56774	0.277717	0.0189421	0.248583
Ephb3	0.165198	0.00396199	0.00472502	0.769945	0.368509	0.15533	0.00303487	0	0.106673	0.671718	0.00687157	6.06568	0.144384	0.0735417	0.0135221	0.081424	0.0985681	0.00510989	15.7426	0.00507498	13.902	0.0422733	0.740266	0.384593	0	5.39159	0	0.00491334	0.773058	8.79329	0.336044	0.0205001	0.00499194	0.00825541	0.0116677	0.0022376	15.6239	0.123583	2.12474	0.0530208	0.190238	17.387	0.0533935	0.0887294	0.222143	0	0.0371543	0.0419039
Ercc1	78.4219	13.4021	24.9508	35.7642	65.087	0	21.2701	44.1751	31.9314	20.2975	87.7618	4.54594	19.7615	42.0799	0	43.9221	6.64246	20.7615	41.6345	0	38.2766	39.9364	39.5055	0	42.8498	28.1044	24.1382	0	0	22.4876	15.3568	22.8144	49.0842	29.1566	6.37674	54.9144	25.3919	0	49.5762	0	0	16.3083	11.2182	20.357	53.2982	18.7524	2.3719	34.1864
Ercc2	0.0913842	1.40252	0	0	0	0.523861	0	0.364758	0	0.148669	0.040532	0.0952333	20.6553	0	0	0	0	0	0	0	0.751275	0	0	0	0	0	0.330393	0.0144786	0	0.614261	0.0383908	0	0	0	0	0	0	1.2572	0	1.12592	0.0185683	0.00391456	0.0900288	0	0.0997971	0.00424369	0	0
Etv2	120.102	18.4814	4.0306	22.9232	11.9367	90.4617	18.4045	2.63313	6.82728	4.22871	6.8357	26.9458	0.0285765	75.2724	6.16057	6.58896	6.35754	2.94954	7.78197	6.30616	42.0243	213.135	16.9636	0	0	50.3503	15.6035	35.461	8.82316	4.19256	15.3695	3.18506	21.9786	6.7041	263.843	16.7248	7.22802	15.2287	9.55102	9.04858	35.2398	3.9614	0.365143	21.2016	37.1388	0	0	0
Exoc6	0	19.1951	0	0	2.40452	0	0	0	10.1329	0.985302	0	0	21.2045	16.2633	0	0	0	0	0	0	0	0	0	0	0	0	0	0	0	17.8756	0	0	0	0	0	0	25.0684	0	0	0	0.00614198	0	0	0.138753	0.0440725	0	8.47438	0.0933123
Fadd	4.66754	1.84796	6.35783	2.18782	1.15769	1.66382	1.59641	2.08477	1.83607	2.90796	1.10086	2.35025	1.70304	1.60231	0.920926	1.96998	1.19538	2.00278	0.946368	4.50839	1.0946	1.29252	0.822714	1.65748	2.96677	4.92802	1.04296	0.94423	4.53098	1.28364	13.3863	3.58068	7.32981	2.90844	4.82514	3.40413	1.66135	5.15494	1.77834	4.57946	3.68165	6.58232	2.32737	2.23939	10.8193	2.71371	3.44018	1.20311
Fech	2.26923	0	0.553378	0.877728	0.830301	6.9404	0	0.0452579	0	9.78673	0	0.447999	2.96006	17.8272	1.056	2.1468	0	0	0	0.00743731	0	0	0	1.13016	43.3953	2.5687	12.3782	0.00358855	2.03661	0	0	13.674	0.146337	0	2.36715	0.653977	9.95121	12.5417	17.9254	0	0	0.612053	0.0559023	0.780184	13.5061	0	0.326426	0
Fgf10	0.425941	23.8216	91.6652	8.42077	19.8033	0.3679	1.30197	1.1292	45.2134	3.84951	8.05672	12.0044	14.4078	19.2934	4.14605	0.988817	0.187643	15.3955	0.0805984	9.99565	2.21175	42.6002	21.1119	2.25286	0.665828	21.858	37.854	24.8686	1.77491	19.1125	13.5562	14.2055	2.44856	4.50854	0.24954	0.86339	23.2676	3.1953	11.9432	1.47281	1.02605	36.355	2.30167	8.86874	0.163944	2.35171	45.4651	44.3043
Fgf3	48.6313	65.4223	9.1376	44.1152	49.073	54.6139	14.6693	10.6988	0.775308	0	0.322878	0	22.7293	23.5418	35.3166	6.25532	0	15.836	36.817	27.1744	1.10388	37.6703	0	0	4.17729	0	12.825	19.9047	51.2141	0.594261	10.1987	8.37984	9.73053	10.7121	26.4224	21.3857	5.30841	13.9402	48.9282	0	0	0.481142	30.3632	38.5108	3.76985	43.9358	33.8792	0
Fgfr2	6.94749	6.57345	9.60099	12.7427	3.90801	21.8449	0.822235	0.0523626	0.616024	25.6858	10.5914	0	0.366691	0	0	2.41581	0	15.3922	2.10517	5.15427	0.076988	0	51.2881	0	7.89157	0	4.51343	0	2.18258	0.631652	2.75604	1.09374	1.4364	0.209614	2.49023	1.61124	6.71155	0.0764713	4.28063	5.65604	0	4.19727	0.387315	0	3.93659	3.16594	0	0
Flcn	2.54371	2.72035	0.00704867	0.127781	0.725227	0.221029	0	0.461173	0	2.25817	0	11.0765	0	2.49072	0	1.94459	7.13312	0	0	0	0	22.0063	0	0	0	21.3678	3.17414	0	0	12.8885	0	0.00916652	0	0	0	9.72846	2.61408	4.76507	0.139801	0	0.35203	0.0445487	4.48155	5.56541	11.9957	6.88949	18.5166	0
Fli1	4.98587	4.50381	16.43	10.8435	0	6.42063	31.2426	0.888802	24.5368	0.863121	0	3.03692	0.0123566	10.6176	26.0895	0	0.040426	0	25.7643	0.0173834	0	0	0	3.16817	1.63624	4.85872	0	8.39318	0	4.5494	0.986281	0	27.4532	0	23.2908	0.00764723	0.0727212	2.98253	18.3832	3.26643	17.8791	0	0	0.0607849	6.26482	0.0492576	0	0.0859389
Fnip1	0.400919	0.615535	0.183595	1.55446	2.79647	8.46892	16.7455	4.80671	14.0175	1.05913	3.82717	7.48968	30.9895	0.0634275	3.68763	0.263541	20.4981	0.0660912	12.7772	2.10173	13.4229	24.5291	1.94589	5.4643	2.16671	3.87575	1.77837	0.00187483	0	0.574099	1.56631	2.07231	16.0845	0.213688	0.0277422	3.20198	2.21499	8.13682	0.646008	6.59236	0	3.48907	12.4296	0.0656183	8.26365	5.68932	15.7493	15.6035
Foxp1	7.77142	0.12606	0.745281	0.160221	27.165	12.9602	0.0238143	0.60819	1.98291	17.3642	5.24075	6.97447	5.65867	7.92321	0.0340706	14.782	2.68869	1.94433	1.28745	6.07209	0.88207	5.79663	0.952708	11.2664	0.375482	1.68374	8.0735	8.90059	1.56519	1.05409	1.66549	4.4929	6.00192	0.0967	26.7985	4.58806	5.3575	9.50819	27.4977	27.9492	25.3257	5.27317	9.59207	4.05448	4.01487	23.9509	36.8727	0.157136
Fst	0	0.00816953	0.0875984	0	0.300522	1.65002	0	0	5.6507	0	0	10.2173	0.13391	0.288638	0	29.6169	0	0	0	0	0	0	3.72461	2.8712	0.886491	0	0	2.29072	0	0.136876	0	0.910767	2.41158	2.14658	1.0905	1.15771	0	4.48172	0	1.47456	0	0	0.141736	0	0	0	0	0
Fzd7	0.331073	8.84154	21.9892	14.351	17.4892	13.5956	0.573671	21.424	0.611947	4.52772	2.64485	10.4646	23.0913	8.63436	1.76398	1.67115	0.154365	8.86718	5.71566	5.46751	17.5394	3.50893	10.2193	37.4577	10.698	1.1498	14.6327	47.9199	3.18814	0.3159	5.81906	10.0495	1.28469	2.07058	9.98923	0.0382985	1.65332	15.1361	3.90648	2.17675	0.693648	3.43271	0.342379	6.52837	4.06133	3.87806	2.47856	16.3927
G6pdx	34.4797	29.097	0.309597	18.8792	33.3181	20.2888	0	22.3813	23.9867	26.1517	15.87	0	12.6584	3.38013	32.6785	18.4868	0	41.0347	78.9526	23.3103	1.34204	21.6131	30.2567	1.2663	14.8159	5.81807	7.15319	29.4556	0.5125	0.241905	1.38536	8.45282	43.4111	0.677065	0.0169677	13.4248	14.4329	24.3285	23.3762	0.78171	0	0.106728	16.5838	2.61994	1.94171	3.18388	11.5672	0
Gab2	0.16011	0	0	0.87263	0.0109845	0	0	0	0	15.3637	0	0	0	0	0	0.0039436	0	0.138469	3.27438	0	0	0	0	0	1.99934	0	0	0	0	0.00501102	1.1481	0	0	0	0	0	0	0	0	0	0	5.79382	0	0	0	0	0	0
Gadd45g	19.2068	14.7647	13.798	0.393937	20.7578	15.5889	0	0	19.6559	24.9958	11.5961	2.80405	2.64101	11.3172	182.13	0.373091	0.798917	44.4592	4.2802	0	0	0	0	0	5.82367	1.71841	16.8085	0	0.629551	23.549	1.77604	0	12.4149	0	3.02762	1.0071	8.19755	2.84631	34.469	0	21.9704	0	0	8.57004	0.388533	0.32976	0	0
Gata2	12.4789	35.9769	22.4531	19.712	7.78344	0.67288	44.2883	7.22544	15.8522	11.9486	9.72434	0	2.45084	19.3701	57.9208	0.951788	0	12.0889	32.004	0	4.25289	16.7335	0.0500948	0	9.52331	0.794328	0	0	0.0180703	30.6831	4.22463	0.163604	7.2719	7.18589	44.9381	21.1254	11.3133	1.19455	15.9722	0	19.8188	6.5139	13.7767	0	0.164786	14.7608	11.3861	0.00597249
Gata3	9.36181	3.95324	4.86698	34.67	42.9972	0.291084	11.3479	1.21954	7.58723	13.2999	9.18489	2.20525	31.571	9.21859	0.0764381	5.56596	6.73886	43.0441	10.9548	1.19796	0	10.3711	0.106186	1.01046	1.88477	2.1461	6.09527	3.02962	4.37726	0.585521	3.16743	3.40502	5.15044	0.559331	1.4583	18.2203	43.9401	3.63182	0.558543	1.04228	1.23734	0.939255	3.95169	0	2.32862	0.103728	1.55832	0.0151132
Gimap1	4.88964	1.70607	1.15901	0.526553	0.496741	0.455846	4.18978	0.283702	1.03588	2.33415	4.32128	4.54798	0.997484	0	0.25179	0.750589	1.98082	2.07088	0	1.87734	1.11864	3.31256	0.950454	2.39325	0.244069	0	0.514067	0	0	0.45175	2.49175	0.469437	1.38513	2.54422	3.31292	3.67808	0	3.77013	0.191998	0	0.962456	2.19878	0.391331	0.545753	2.99594	5.12699	0	1.1854
Gli3	25.5053	7.9187	10.3987	28.974	9.97328	2.01921	0.6444	13.5613	13.8418	19.2459	0.0986115	5.9097	1.86409	0.18729	0.111108	1.1677	40.9568	23.4648	41.7697	12.1294	21.7576	2.28533	2.67073	12.0921	10.4018	3.8015	36.3027	12.2319	6.38834	6.99899	1.91587	9.84954	1.7884	5.02913	35.5795	14.5534	23.6993	38.9829	2.08667	5.78211	1.02687	38.9153	5.46511	7.78437	14.5955	3.99132	26.191	8.55949
Glo1	239.772	175.205	196.983	329.411	277.665	174.991	114.123	97.083	195.893	204.485	89.0973	253.717	210.809	122.749	33.7447	153.26	341.977	170.963	173.189	252.448	213.208	222.726	289.681	175.595	234.362	227.677	174.529	241.288	423.862	117.578	199.053	71.2973	300.828	157.727	125.461	144.675	169.168	93.8243	156.498	194.551	23.4979	138.122	415.027	283.156	240.872	203.552	140.559	161.028
Gmpr2	0	27.0726	3.36129	22.1726	5.77124	14.7816	19.6076	24.3577	6.86363	3.00543	0.203633	29.9925	0.214244	4.3879	0	42.8179	0	12.5171	69.7947	12.994	16.7595	18.0308	24.1139	0	8.03472	0	0	52.2325	10.6784	22.5279	11.5552	1.45332	1.78471	47.67	1.09091	36.4668	0	10.8578	2.23032	0	0.232635	20.3559	1.59101	17.1703	1.00645	31.85	20.9441	0
Gon4l	5.87103	5.0398	0	6.60715	17.8528	7.18555	0	12.5528	3.41109	10.3844	0.453553	0	2.18752	3.57666	0.781536	6.81305	0	13.54	2.37513	5.38139	8.39833	10.6317	5.25505	7.92356	0	5.83459	9.36975	1.93101	2.57031	1.72898	2.86844	2.57505	1.63573	0.783898	0	4.13069	0	1.07974	2.18217	0	1.77838	12.23	12.652	0	9.42122	7.25838	0	1.13637
Gpc3	726.884	457.493	799.46	637.603	547.092	506.382	615.927	662.154	852.054	532.438	637.663	407.018	561.629	336.62	339.188	616.632	758.685	245.195	987.253	349.479	597.459	345.376	753.016	779.464	584.418	104.84	833.177	1048.36	397.022	532.706	784.534	677.944	590.895	336.928	258.717	1035.44	889.904	853.471	346.272	674.323	174.598	675.343	254.971	325.525	426.832	410.31	586.032	855.15
Gpr183	0	0	0	0	0	0.00534015	0	0	8.93885	0	0	4.41239	0	0	0.020005	0	0	0	0	0	0	0	0	0	0	6.17756	0	0	0	0	0	0.0443044	8.50334	0	0	0	0.038289	0	0	0	0	0	0	0	0	0	0	0.0430921
H2-Ab1	0	0	0	0.019318	0	0	0	0	0	0	0	0.309594	0	7.98858	0	0	0	0	0	0	0	0	0	0	0	0	0	0	0	0	0	0	15.0168	0	0	8.38454	18.9171	0	0	0	0.15801	0	0	3.24258	0	0	0	0
H2-DMa	0	0	40.3139	0.121521	0	0	0	0	0	0	0	0	0	0	0	0	0	0	0	47.4883	0	0	0	0	0	0	0	0	0	0	0	0	7.09285	0	0	0	0	0	1.3288	0	0	37.1548	0	26.4151	0	0	0	0
Hand2	4.38171	2.31767	3.68128	7.54441	6.47304	3.46811	2.71896	1.44482	1.13053	6.64364	0.802963	0.298216	0.984868	0	0.96918	3.9693	0	0	1.21293	0	8.69173	0	0.602157	1.50938	0.620927	1.19379	3.59734	3.90611	0.135308	1.29417	5.22535	1.31547	0	0	0.716128	0.173696	1.13616	5.64878	2.80199	5.57713	4.28694	0.238469	1.19158	1.55871	1.32011	0.42082	13.6113	11.2729
Hdac5	1.86993	0.439684	0.829664	0.0939084	0.977787	0.0101498	0	0	0.159596	0.967833	8.56159	0	13.2371	1.50702	0.00381625	0.0893678	2.20591	0	0	0.111414	4.49223	0	0.169289	5.06865	0	2.03547	0.0614745	0	5.1586	13.8662	7.2245	0.539847	1.09594	0	1.04818	2.65107	2.54765	11.532	0.0684969	0.0349124	0.345505	16.3063	0.711708	2.04531	2.92386	3.40985	2.20192	0.0656732
Hdac7	9.36832	1.72757	4.37269	14.0845	20.7432	18.7864	0.18835	4.21413	3.67634	3.35803	9.44072	8.0686	1.349	12.0208	0.366919	22.3319	2.72912	0.449489	0.85867	3.34748	3.50601	1.83308	0.0749482	4.23043	0.525428	4.30125	23.7816	2.21311	5.20391	0.568258	3.60005	0	12.4633	4.71933	68.0917	27.1436	16.3611	3.3656	8.98695	19.2314	4.15086	11.0289	0.0838596	3.4476	1.59072	3.49591	0.735042	1.45931
Hells	40.3513	29.3478	96.2043	56.44	31.3559	87.305	19.9158	119.52	140.834	50.0447	11.8513	63.3965	92.717	48.8165	19.1491	40.5519	72.869	109.23	48.9663	80.1316	66.5685	31.3626	26.9503	49.7716	22.1234	14.6742	131.567	99.6414	52.6793	122.398	49.8195	61.7892	24.9459	29.0358	42.1841	157.141	29.9411	30.2754	82.0697	72.5664	16.4481	107.076	77.0397	23.4121	60.5821	24.32	53.6727	113.024
Heph	0	0.210057	0	0	4.01176	0	0.208641	0	0	0	0	0.0675597	7.02489	11.9658	0	0.17225	0	0	4.88406	0.429465	0	0	1.36342	0	0	0	0	30.1806	0	0	0.0114742	0	0.0176019	0	0	0	0	0.0170834	0	0	0	0.0210574	3.87299	12.0138	0	0	0	0.00316509
Hes1	10.4107	16.7153	56.9389	29.6206	10.0886	14.2473	25.8384	13.9836	23.0555	13.3434	25.405	11.4891	13.1361	26.4477	6.46191	17.1765	105.475	42.3954	26.1087	25.0589	52.3478	28.5865	16.5582	24.9484	53.6329	29.6064	19.7793	55.3434	13.0233	36.2225	18.2878	22.2653	32.3308	30.9357	37.3197	51.354	14.3169	6.75667	13.6006	17.2441	78.5381	13.1357	52.9972	26.4356	17.5978	46.7995	8.53707	15.9254
Hhex	0	0.631286	10.043	0	3.69368	0	6.00622	0	3.15696	0.640517	0	0.0193856	0.182845	4.57168	7.8794	0.0103202	0.00743985	0.0162607	17.7765	0	0.0308869	1.73564	0.0805135	0	0.0100852	20.8347	0.141531	0.370281	0.00877537	0.186753	3.56358	0	27.3083	0.220601	0.00930872	6.02823	1.68107	0.250321	0	0.402536	49.4823	7.26133	0.106591	8.7974	0	0.182373	0.0188164	0
Hif1a	21.7518	10.7514	30.2632	10.4226	5.31976	1.72545	4.46474	6.94948	10.3975	11.0992	9.85969	6.21107	5.42831	39.0123	0.0963513	26.9509	58.1514	31.4305	14.8434	11.4894	26.1739	3.87724	45.9743	4.64901	3.30531	18.5917	16.4662	1.44487	7.22637	39.5376	0.619002	5.95512	14.6652	50.8801	11.6187	1.50938	7.58733	12.575	11.7542	2.61221	34.436	7.53759	1.97718	32.0483	24.4067	4.6619	0.513798	3.10603
Hoxb3	1.08145	1.31263	0	0	0	0.011696	2.15661	0.549268	5.10338	2.39941	1.75844	0.568177	2.7182	0	0.0822659	0.82686	0.841342	0.0224786	0.296009	2.642	0.57729	0.0176389	0.489577	0	5.2577	0.0221054	0	0.00323919	0.0927294	0.0937162	0	3.58823	2.0285	0	5.50164	1.59474	0.0674281	2.19183	0.713132	0.4037	0.599108	2.58955	0	1.46461	0	1.41523	1.03738	0.0758931
Hs1bp3	0	0.227293	23.2999	15.7146	0	32.9146	5.04635	3.12431	1.66628	17.8986	0.919314	29.4996	0	48.281	79.7962	29.5453	0.0846405	15.9958	22.4098	0	43.3113	37.1049	29.5445	1.10637	23.0733	36.497	57.6344	42.8049	35.0069	10.7974	0.83947	12.9496	11.2187	7.10694	4.6356	35.3683	14.6936	47.7738	8.50685	1.14011	0.225536	15.7534	5.91129	11.2992	45.3748	25.2884	56.7869	3.59869
Hyal2	37.036	27.3445	44.3959	41.9911	43.1746	20.4064	2.4857	16.2296	20.834	0.609616	118.019	47.4283	9.57429	43.5504	27.7436	60.8479	0.0354343	54.4711	66.4374	38.2685	0.43909	46.4911	0	0	50.5064	64.4632	107.548	0.587926	52.4879	1.95606	31.1668	3.84282	9.65675	48.4753	16.8378	17.2645	17.6065	10.5834	14.6409	40.2424	0	29.783	2.58249	7.93435	3.47294	5.20841	6.44924	0.287038
Id2	68.5183	60.1958	48.6466	88.1084	94.7843	45.9247	98.698	28.5693	54.957	39.3384	75.8493	8.30088	123.277	0	0	60.9431	174.927	32.7577	64.6483	97.144	122.255	0.366816	60.8254	64.5014	98.7634	84.0956	40.4269	133.528	137.466	79.5174	125.212	149.547	19.1297	52.3465	139.594	118.278	67.8858	149.988	4.92127	30.8611	182.768	38.9804	77.6769	23.9769	206.448	96.4056	146.825	31.411
Il11ra1	0	0	5.17442	10.1483	0	0	4.91685	2.99034	18.4247	20.4784	0	0	0.122518	18.6805	0	0.847279	43.9062	0	0	0	0	0.886282	15.9279	0	24.5247	1.57134	0	0.62665	13.5423	0	0	2.28963	18.3239	0	20.1909	8.42876	0	0	7.27888	0	2.1112	8.87284	0	1.37589	0	4.20557	11.2268	0
Irf1	0	34.7414	17.4348	0.73943	9.95258	0	0	0	26.2215	0	0	45.4337	4.13893	9.86546	0.231567	1.83502	7.2856	29.3987	0	0.455984	7.82973	0	56.49	29.2782	46.4797	6.02159	4.92397	0.102475	0.0475931	0	2.04496	0	5.45776	44.1879	0.0479695	1.86855	6.11201	0.121554	0.589003	0	0	0	0	0.364952	60.629	1.35916	0.0311742	0
Jak2	0.257115	0	1.80477	7.52651	0	0.552462	0.151202	0	0.402794	0.940707	0	0	30.2088	9.43949	0	0	0	0	0.129037	0.0842477	6.71988	0.728671	1.34405	0	1.91836	5.47932	0.511787	0	0.350026	0.368019	0	3.21815	5.30331	0	5.37015	0.0371841	0	0	0	9.50941	0	0	0.633071	0	0	0.0597102	0.123394	0
Jam3	7.13668	29.1865	59.341	36.7618	38.184	27.8121	59.0722	2.07919	35.986	38.0003	5.08477	19.0643	13.1242	47.2642	1.8558	23.0422	14.3902	33.5125	24.539	48.849	39.6383	10.3749	6.2444	27.8712	0.715012	1.37566	6.90121	8.76339	9.496	2.15207	40.2444	0	32.3469	1.67067	46.6835	0.0998835	0.712931	40.5084	25.5478	55.6546	5.46241	3.34837	24.7153	1.79589	3.0417	27.4678	64.3646	30.4777
Jarid2	14.7754	24.8006	2.31741	20.2742	21.3725	21.117	0.288686	5.28799	3.29659	11.0538	16.5848	8.14981	1.10898	18.0135	41.9145	16.6574	0.309775	9.11619	33.7356	14.7163	11.9245	18.2347	5.16019	12.1606	5.9231	19.1713	3.99989	83.1863	8.75303	18.8942	18.9826	5.58881	19.0737	17.3952	23.3601	22.5665	7.8381	15.2067	17.4909	8.84334	5.53468	14.9271	17.5377	33.2998	18.8283	43.6172	17.3692	1.2728
Jmjd6	26.1077	38.3046	1.53675	50.536	34.9533	65.3081	10.3627	32.4911	10.8593	11.3267	8.56539	14.7584	0	16.5699	14.9002	13.3121	20.7055	14.5014	163.425	30.9295	65.8481	4.25157	19.937	14.791	14.9083	11.6528	7.12369	26.5506	26.4938	33.8028	7.04559	31.7412	20.3853	25.8246	2.19396	46.27	0.5736	8.19217	16.8141	12.9351	2.97919	15.0526	3.11528	6.4274	3.44935	20.9067	26.6064	0
Jun	6.35491	8.0744	3.0065	5.90101	17.4685	6.56248	3.37226	9.97921	1.73039	7.69282	14.4527	11.0293	23.9752	8.96968	4.84957	9.80554	7.8922	14.7549	7.5094	0	4.69441	7.10439	22.459	14.2814	4.1108	27.3569	13.6315	9.15044	1.74896	10.3555	8.6372	3.25238	7.81534	10.3818	10.0129	4.37537	19.1923	7.43014	4.13063	5.89183	2.08166	3.39742	10.7176	4.11113	14.1039	13.9928	34.4101	7.91009
Junb	0.188094	10.5757	0.686808	0.208009	0.196447	0.720021	1.91139	0	2.1066	0.306514	6.1584	0.185574	0.700185	1.90928	0.133468	0	0	3.2368	0	0	0	0.474631	0	1.88439	0	0	0	0.118231	1.00849	0	0.0224979	0.00743091	0	0	1.24759	0.107823	0	0	0	0.770781	0.570877	0	0.37099	0	1.64345	3.49162	0.180142	0
Kat6a	0	5.46196	14.1191	0.338854	0.107035	1.15522	0.884166	2.09927	1.8619	2.21639	0.42402	5.25295	7.12462	1.59608	0.221785	12.3367	4.0921	1.57523	3.31969	2.636	2.24708	0.515102	3.05454	0	1.6149	0.591795	0.765859	2.32431	3.66121	2.80038	15.1864	0	12.3049	0	1.26202	0.859838	4.84029	0.620401	4.55903	3.36483	0.104171	4.13313	0.369238	6.48349	3.0156	1.99562	5.50055	5.472
Kat8	9.9864	48.3495	39.6008	5.78741	1.48903	0	0	12.0949	28.0297	28.6972	7.14466	0	19.457	27.7809	2.51593	0	0.897598	0.315167	52.9832	0.935725	14.7863	6.90448	152.619	4.78257	5.85297	0	23.9392	67.5777	5.93214	20.3125	0	17.994	42.6774	35.5073	0	7.46931	0	0	13.6208	0	1.4402	3.65322	0	35.1727	24.1521	19.8554	38.4505	0
Kdm1a	14.9086	7.23615	13.0048	43.7737	26.9638	8.32011	47.3037	23.0091	47.4763	9.03162	46.3151	37.7057	9.83593	24.8179	2.49447	51.1343	30.35	26.8796	78.6331	65.7666	9.58427	46.3572	36.9608	19.504	52.9259	58.9529	1.33682	48.893	38.5889	67.8198	11.4219	15.8793	90.8043	39.1009	31.7866	25.851	34.4589	28.0073	55.1718	26.5812	105.502	30.6967	58.868	47.2655	68.0967	6.97297	13.7766	55.1515
Kdr	54.0118	7.2517	4.46722	21.8434	7.41253	14.8097	0.683175	36.8952	41.6852	12.0869	32.6904	15.6569	22.5851	14.9237	59.73	30.6613	14.9243	12.5638	79.9224	28.7723	12.0072	1.68236	17.9547	0	32.518	12.4675	3.06944	5.49973	46.0307	17.7928	7.37724	7.38668	21.1868	22.2881	7.38466	11.9995	16.1326	10.6988	32.4746	19.9314	99.8607	38.7678	2.45941	15.7036	3.93214	8.57833	11.8749	15.1055
Kit	6.73668	0.18834	0	1.76458	0.00320857	5.74984	0	0.0490133	0.0192229	0.399039	0.108913	4.12567	0	0	0	0	0	0	9.00392	0	1.08258	0	0	0	0	0	0	0.546526	0.055222	0	0.309076	0.439332	0.237229	0	7.00037	0	0.0843369	0.34841	0	2.6513	12.1286	0	0.00671257	0.00351414	8.25271	1.76933	0	0
Kitl	0.755149	0.77287	0.141843	0	0	0	1.42735	0.0464179	0.0121378	0	0.0200558	0.717029	28.9816	11.9118	0	0.85526	0	0	1.10782	0.380659	0.272942	0	0	0	0	0.00458451	0	13.8073	0	9.92374	8.40482	1.97016	0	0	1.98432	0	0.758856	26.2788	0	18.8609	4.31433	0	0	0	6.47025	0	3.12263	0.00224827
Klf11	12.6906	0.248031	0	12.3187	0.084503	8.41666	6.26936	3.03248	0	24.2254	0	10.7697	0	8.9017	0	0.679648	45.8689	6.71856	0.567665	7.36056	1.23368	0.101793	2.33335	8.02782	0.831239	0.382711	0	0.0512515	0.145308	48.9335	1.49408	1.15488	5.2088	14.4713	1.22639	0	0.943082	8.24089	4.1085	12.6125	0.0821242	15.7971	0.636723	0.0925826	2.47058	2.02627	9.76872	0
Klf4	6.0313	0.661083	5.91029	6.78404	0	0.102929	3.20556	10.9998	3.23144	3.68055	20.214	1.59478	9.63449	25.5171	0.308641	14.7183	30.8608	4.69449	0	0	4.42665	0	10.62	18.2293	6.09095	9.18554	2.10141	0.749771	1.45041	2.05272	8.95336	7.08957	24.7243	0	0	26.4564	22.221	0	0.520858	2.87401	7.32589	5.39563	2.75919	19.7482	0	12.0022	0	0
Kmt2a	3.49956	2.38001	2.01259	0.185976	15.4365	0.267867	2.62958	1.90519	4.27985	3.13193	1.97915	5.5712	0.804556	5.35579	7.39938	0.137816	1.22005	4.488	8.06044	1.49587	14.8212	2.77977	3.44613	2.40572	10.8236	0.354311	1.48036	1.4082	3.07384	3.09366	1.24625	2.37118	5.54759	6.26339	16.1134	0.696281	2.14189	5.39797	1.79659	1.80916	4.72058	6.88112	1.71329	1.35949	5.2315	3.77454	0.143817	0.813447
Kmt2e	8.63022	3.26855	6.69332	8.76895	6.65238	5.27482	11.4099	4.96759	2.599	10.5213	17.5528	0	17.9921	9.01015	16.5624	13.9338	0	0	4.15823	3.33648	14.9547	5.1076	25.7325	12.3975	14.0608	3.40501	0	6.83745	5.01645	0	7.37283	3.81186	3.00638	4.79952	0.982866	7.57893	5.06632	1.08249	8.06506	0	10.2827	6.7957	13.2588	6.88809	6.26713	4.85338	9.77829	15.5817
Lck	0.00816261	0	3.00068	18.1617	0	0	0	0.785074	0	6.95684	0	0	0.624454	0.224359	0	5.52295	0.062337	0	0	0.646207	59.9696	0.0171928	0	0	0	0	0	0	0	0	10.4615	5.84699	0	0	0	11.8852	0	1.38068	0	4.37772	57.2264	0	9.87914	0.188298	0	1.67736	0	0
Ldb1	20.3773	11.4222	5.51503	11.0093	3.37929	13.7683	3.4155	10.6931	0.806225	6.58557	11.4564	8.45564	5.11936	2.87145	36.7226	43.9385	1.596	3.63674	3.10358	3.18105	11.7834	7.13905	2.25602	1.61691	0.66448	17.9406	3.03863	13.1429	5.2282	0.323117	2.84626	0	2.71285	0.0123188	9.81026	2.0435	1.66513	3.32332	1.43449	8.95215	26.6998	12.4478	8.98208	3.52232	5.94847	7.82191	18.1381	3.23186
Lef1	25.3057	4.17444	7.79259	23.3098	20.6293	4.43591	0.958382	81.8455	3.40043	6.86673	3.14034	16.5677	9.94747	12.426	1.45711	0.28597	0.120716	18.3438	26.7596	26.4006	65.4929	22.4709	10.4364	13.5754	14.1287	2.04203	5.8486	24.4803	2.4389	17.8975	2.29394	9.26722	21.5878	4.2071	48.6287	4.14929	5.68305	10.0123	99.7035	29.3046	4.97552	3.77228	10.0573	30.2518	36.5516	27.0391	34.5614	16.8706
Lgals1	582.969	61.9696	72.2346	47.5764	31.9335	74.4146	107.117	41.3044	39.1016	315.943	20.4388	33.8748	44.5983	19.6055	7.22147	29.3919	102.607	4.95206	72.1742	6.26039	45.2689	7.38273	45.4938	10.8976	61.0233	47.0659	54.2452	10.3519	454.716	26.4041	50.7983	28.0052	115.189	40.1398	1.4995	91.7979	9.9023	31.6172	30.8293	57.0544	227.509	30.2857	0	14.5926	409.094	107.382	51.9166	17.4673
Lgals8	0	0	0.144095	0.783731	0.370653	0	5.83054	0	0.221501	0	0	0	0	0	0	0	0.360008	2.34234	0.118612	0	0	3.4265	0	0	0.243011	0	0	0	0.0706974	0	0	0	0.152443	0	0	5.80212	0.971527	0.619536	0	11.3955	0.479743	0	0	0	0	0.548755	0	18.1315
Lig4	0	0.0805548	0	0	0.00457414	0.00578434	0	1.44595	0	0	11.1767	3.7309	4.8437	0	0	0.744977	0.0601174	2.70878	19.437	0.515929	0	2.28104	0	0	0.0115703	2.73439	0	3.09652	0	0	2.05137	0	6.39437	21.7367	4.10753	0.00252727	4.70715	0	1.83968	7.43816	0.00400109	0	0	0	0	0.365601	0.00377704	0
Lmo2	0	0.239505	1.99848	20.5241	0.244601	0	15.4011	0	4.51738	0	0	0	0	61.1333	0	0	0	0.310655	22.159	0	0	76.1916	0	0	4.81734	0	0	0	0	6.68759	1.57025	0.00868524	26.9867	0.250009	78.5049	0.00668628	0	0.582366	0.00986767	0	0	1.08247	1.62188	0	0	9.58708	0	0
Lmo4	0.0993231	0.629876	9.87285	15.5018	5.58993	3.65013	0	0	0	2.89373	11.2613	0	0.468698	8.08427	1.46267	0.863002	8.63914	0	7.40428	17.3929	5.08351	0.965894	1.77658	20.5403	22.9839	2.59843	0.558866	0	0	3.64029	8.07222	16.4064	5.03816	1.31451	0.482805	21.6703	0	19.8607	2.15402	3.65111	0.839662	6.85221	0	25.397	3.58961	2.14062	0.975543	3.69656
Lrrc17	11.0686	1.23931	1.69613	5.85113	4.03914	1.36879	1.95678	0.525286	0.872055	2.83471	1.09659	0.674773	0.666274	1.37332	0.578655	0.487717	1.40518	1.77332	0.413995	1.34402	0.840036	0.733152	3.45725	3.86497	4.26492	0.733472	1.42765	1.37618	6.78297	4.3248	0.805545	0.596865	0.748584	1.9798	4.33847	0.604559	0.436175	0.66865	0.727702	0.449424	42.702	5.57007	0.330466	0.997558	10.0174	0.670282	1.72354	1.72103
Lrrc8a	25.585	38.5465	58.9873	40.7942	20.5421	24.6469	16.1626	25.8034	14.7539	11.1301	15.2829	14.7068	12.2539	22.6384	3.48098	14.9761	12.9477	11.8275	18.4254	16.8014	23.4547	14.9437	19.7388	15.7131	41.2031	23.5003	35.3409	33.9532	94.7211	30.7727	29.301	28.455	54.8195	17.6583	28.786	12.5736	11.5049	19.852	36.3417	37.1435	6.17614	25.6369	45.5615	33.9923	46.9231	12.8434	17.1346	0.195787
Ltbr	0	0	7.72677	9.53265	0	14.3166	0.127243	20.4751	0.202734	0.264981	0	0.160528	4.69512	1.44422	0.231567	12.9906	0	0.860773	2.775	0	0	0.410357	0	4.8797	0.167097	17.4828	5.51396	0.614852	9.60862	0	0.545323	1.1582	2.93879	34.0021	0	6.4465	3.55608	0	19.9391	2.00106	0.494285	0	13.6329	0	10.4824	3.32238	0.155871	6.87649
Lyn	1.3464	0	0	0	0	2.47223	0	0	0	4.98919	0.00420971	0	2.32214	0	0	0	0.877096	0	0	0	0	0	0.0238038	0	0	3.02661	0.00343136	0	0.00426417	0	0.96604	0.00376627	0	0	0	0.718986	0.136525	0	0	0	0	0	0	0	2.19769	0	0	0
Maea	74.2131	53.5282	92.9159	103.223	47.6897	47.4112	39.4504	47.9343	76.2895	40.552	18.3728	20.6314	106.394	43.9204	64.8843	31.1915	30.0509	21.11	87.4395	0	142.953	43.88	83.6457	49.4569	49.1826	83.4981	73.3249	112.829	34.9991	55.5777	52.0342	51.0129	47.1585	102.159	30.2546	34.1046	32.277	113.012	37.3204	53.9907	34.5959	25.4295	46.5741	70.9828	65.8866	68.4501	51.3837	132.377
Malt1	3.58533	1.34648	0.969287	1.11842	0.883859	8.44208	1.07518	0.426557	0.82659	1.92527	1.94195	0.6844	0.913565	0.750412	0.967189	0.805746	0.587764	3.60017	1.15731	0.466778	0.586051	1.25109	3.07421	0.566699	2.78117	1.73845	1.01021	0.646693	2.50073	0.325374	0.749552	1.03754	0.917908	2.54887	0.919713	0.469111	1.31776	1.51261	0.800424	0.739253	3.85749	0.950756	1.36118	5.66248	4.73062	1.2555	1.01351	0.951144
Mapk14	10.4922	1.38092	7.94616	9.63794	4.01601	27.6834	5.04267	0.91143	35.964	21.5525	0	0.430504	32.3175	41.8305	0.595318	7.85903	1.34554	15.2215	9.37853	29.5369	1.70707	1.04682	22.8651	4.47836	39.1857	4.59151	1.97616	5.1272	1.30536	0	0.348802	10.3776	36.8385	75.7213	53.2754	15.6911	1.28139	1.88154	27.3659	2.98413	113.021	11.1288	0	16.7775	38.3264	13.5961	23.4038	18.8421
Med1	2.71561	21.6553	9.90383	22.5564	2.93314	21.5205	23.182	34.9852	25.8043	34.4074	70.5746	20.9078	31.3836	28.086	0.746713	11.8227	3.47385	12.7796	14.4307	10.1545	25.8555	29.1101	63.7269	20.0561	45.1068	29.656	30.5878	2.40091	32.1146	28.1939	36.7769	0.764705	34.4137	6.73419	1.33068	12.813	36.6639	78.3582	7.13189	30.9642	0.356081	15.0706	46.1566	37.5321	44.829	19.3687	32.5537	36.7226
Mef2c	0.0513815	0.00336775	0	1.4541	0	0.0633353	0.0129814	0.0198837	0	3.65936	0.178934	0.00814401	0	0	0	0	0.0415356	0	2.31394	5.19467	0.0145684	0	0.359124	0	0	1.66082	58.5796	2.21823	0.0896394	15.8945	0.164715	0.0395653	0	0	0	0.00259836	0.104391	2.51565	0	3.69171	0.101277	0.0192013	0	0	0.0271656	1.4945	0.0158893	0.0963388
Meis1	0.113486	20.0448	9.9959	27.2266	75.8536	34.8415	0.325813	18.6545	0.0421532	0.249268	5.93574	43.9814	0.0793248	0.103367	0.419245	17.8549	1.00865	0.397166	17.1595	1.89358	22.1356	0.360727	0.0792329	17.4187	12.717	0.543925	38.3367	27.3999	0.162804	0.0861042	0.122082	1.91929	5.68749	0.0953136	21.0489	0.248193	46.2403	22.5101	0.0745713	2.80606	0.126094	42.4873	0.132232	0.195253	0.432427	0.435137	0.132191	0.430162
Men1	25.278	0.385183	21.1155	41.3438	69.8017	0	0.687917	5.60584	4.54621	3.67798	3.78261	5.07983	0	0	8.79431	3.79162	1.05091	0.33176	12.723	0.164358	4.86387	4.11423	0	18.7723	13.1608	4.3625	0	0.158642	19.1385	0.757194	0.010497	0	26.0684	0	0.11886	1.59032	12.8059	13.9514	22.4642	24.2106	0.127165	2.90112	8.16478	5.47407	0	6.52716	8.90608	1.25734
Mfap2	80.3842	122.353	53.4671	19.3029	33.4452	51.2044	42.0786	62.5537	15.7831	66.268	62.3681	2.80405	20.798	9.50645	12.2356	43.6516	0	84.6617	87.5064	107.844	149.295	4.17593	0	75.8153	58.6007	10.1414	56.5378	0	0	64.0308	41.4409	17.5685	25.2895	70.0787	135.907	56.8226	16.0898	30.6525	44.8096	32.4275	21.3612	91.5443	11.3204	29.8875	76.5409	21.7704	155.891	0
Mfsd7b	48.3455	1.52816	6.61832	0.347343	10.1936	0	0	8.00316	0	7.287	0	0.0388032	0	0.149297	4.12509	17.4384	0.0300122	3.79437	3.31336	35.9558	0	0.0990211	0	0	2.64837	2.60604	0	10.9108	0.28628	0	0	0.998734	10.9447	0.0837949	7.08381	16.9419	1.67319	10.3297	44.4004	0	0	4.8853	0	0	1.11585	0.158181	4.37456	0
Mixl1	60.277	207.649	85.3281	43.5915	181.735	311.674	22.5657	152.09	61.9407	28.0333	95.4121	263.115	79.0831	354.232	0.314748	58.91	20.797	85.4084	7.30854	11.7685	92.598	190.732	649.222	88.164	79.9732	119.502	159.257	288.699	8.83028	274.378	87.2264	133.678	118.454	504.605	117.792	176.751	71.1489	61.9909	70.6747	622.417	275.299	397.624	46.0744	712.55	222.665	33.3508	0	27.6214
Mknk2	2.99123	11.6591	16.0894	17.9441	51.6012	14.0688	0.334702	13.6813	11.1556	16.515	7.77558	25.0991	6.07242	2.43626	41.563	6.09238	0	6.34959	11.9007	8.96302	3.88901	5.65474	5.02224	12.7626	19.1138	15.7756	3.86011	34.1451	103.224	0.0203615	0.53825	1.60983	2.75549	19.3063	11.9603	20.0217	20.3091	3.67082	11.4521	4.38584	2.06074	0.823392	2.94734	7.22316	8.67218	2.78776	5.12304	1.15386
Mlf1	0	0	20.6934	0	5.33597	24.2319	0	0	1.47353	1.11524	25.2694	10.7631	0	0	0	0.358028	0	69.8605	1.02677	23.7398	0	0	72.1851	0	0	0	3.66738	16.9423	0	12.2714	5.115	0	30.879	0	0	0.967321	1.61404	0	2.75578	5.57454	0	8.89095	6.74222	0	4.47352	0	8.47502	0
Msh2	18.8751	12.3976	59.2452	15.2289	62.7001	26.5453	7.56	9.84082	8.98308	19.7207	23.013	42.8554	19.4372	48.0998	0.461022	1.91655	0.245193	10.6239	27.3381	29.5243	38.9153	13.6512	8.11812	53.3862	70.5765	33.5373	6.6651	104.323	25.227	11.0378	14.499	37.1978	2.21297	0	0.864529	6.1946	13.6366	33.701	3.11188	50.8529	0	18.7635	29.9052	27.0386	11.712	24.3009	46.9549	11.8314
Myh9	62.2483	42.1019	65.6296	27.9778	38.5501	26.0702	49.332	12.5199	21.4698	44.6083	12.7869	13.3796	18.2647	22.3793	6.25575	20.6394	17.055	22.6783	27.0131	12.6367	19.1669	12.1445	18.5628	16.8286	38.3457	31.3761	13.3364	16.9008	29.7099	19.9987	20.9319	12.6013	29.6945	18.6965	17.8552	25.7083	18.6771	9.9216	21.8793	13.0957	48.868	9.96692	20.5112	26.5355	31.6825	27.1983	15.7949	6.36146
Myo1e	0.769515	0.579701	0.822639	0.241623	0.512933	1.49736	0.241919	0.565284	0.423184	4.31563	0.402961	1.60136	1.26719	0.963508	0.487592	25.3298	0.350595	3.60536	0.318232	0.669533	0.667675	0.954972	0.465023	0.218829	0.38809	2.06541	0.505557	0.272304	11.7255	0.651973	0.605991	0.456806	5.41892	0.824765	8.99687	1.53344	1.30571	0.469205	15.2628	0.448973	0.708576	0.731027	0.851196	1.35085	0.380492	1.42654	0.483779	11.4423
Ncaph2	3.43871	34.8403	10.911	10.5838	12.1909	36.1154	9.56986	30.4563	32.9356	42.8775	28.9119	52.7893	33.1826	7.14488	0	41.0387	21.3826	33.8913	3.85014	20.4957	40.961	52.0877	4.10645	16.7069	45.9751	28.2386	19.5681	3.6215	143.417	3.83987	21.5887	26.168	20.3934	22.9446	15.9143	5.78953	0.873446	26.6535	41.6516	36.3892	6.12055	1.96753	13.2351	27.9621	7.98383	16.2418	55.4469	17.5401
Ncoa6	3.15038	1.35057	13.9243	0.0504268	8.38872	0.0789933	1.23136	2.44419	0.155288	6.38289	12.8539	17.7335	0.106468	17.4175	0.0593569	2.20902	2.46209	1.30979	0.0829953	0.650345	16.3595	0.208363	0.411737	8.14354	1.70138	0	0.298102	5.08711	0	0.69748	0.903499	0	0.426479	8.11056	3.53001	3.57937	0.340614	5.74688	3.18175	0.0134077	0.671962	11.4194	3.42821	3.50815	3.61214	2.92684	3.33245	0.21224
Ncor1	12.6867	20.795	12.7986	35.6025	21.3856	18.6488	7.16806	11.2366	22.0211	19.1851	23.4458	25.6076	20.1919	36.2963	29.0816	15.9418	14.1737	10.673	21.4527	21.2451	5.4072	10.2567	11.7016	8.46241	19.2561	12.9489	18.3456	19.2284	38.5669	16.0078	12.5677	10.947	14.2275	9.12915	6.7124	3.88647	6.17535	12.4925	10.0449	17.2876	5.22549	12.8137	19.018	19.7784	8.69355	13.3007	15.2131	4.45159
Nfatc1	0	23.5085	0.00823433	0.0409947	0	3.11143	0	0.00283249	27.6684	11.3029	0.0329318	7.42289	1.5859	1.29472	0.0266923	6.16517	0	0	0	0	5.75333	0.280479	0	0	0	4.26042	3.23318	0	0	0	0	0.00294758	9.28135	0	0	0	0	0	2.60319	0	0.288461	0	7.61396	0	0.151391	0.413621	13.8849	0
Nfe2l1	3.51803	7.68929	4.51402	1.37296	0.573497	0.177169	0.698497	2.01337	9.34528	15.2958	1.39162	5.11861	7.46583	15.0149	1.39944	14.2662	0.421186	0.255966	8.56698	1.48988	0.87172	6.89768	20.3285	0.921728	19.0225	0.54095	21.5344	0.819672	11.8387	1.34898	2.332	4.07445	25.597	1.60732	14.0811	2.62442	2.41573	3.30888	21.0879	0.38076	2.9272	8.10753	13.0678	7.09464	4.7526	7.23804	2.92434	12.1124
Nfkb1	4.67842	8.13851	0.19031	0	0.0815524	5.51527	0	0.62271	0.732341	9.63849	9.27167	2.46363	0.436154	8.88633	0.112124	0.0819886	0	1.02909	0.0782611	1.53306	15.0196	0.392926	0	0	0	0.123107	1.63588	0	0.350629	2.00808	2.85124	0	9.95268	0.332508	6.73153	0.0901216	3.90885	2.14715	0.0628338	0	0.23779	0	0	0	0	0.00724252	8.75434	3.2549
Nfkb2	0.552432	0.678159	0.981574	1.09889	0	0	0.259596	0.0881503	0.871983	0.179804	0	8.47543	4.2526	0.13999	0	0	0.00839033	0	0	0	2.26851	0	0	0	0	0.864971	0.159166	0.451555	0	0	8.56126	0.87611	0	0	0	6.83844	0	0.483082	0	0.22678	0	0	10.6276	1.05516	0	2.59127	0	0
Nhej1	0	0	124.974	0	3.05952	20.2742	0	1.15998	0	0.802923	0	25.0928	0	0	13.7657	6.67588	6.17991	2.61664	0	52.1461	83.2563	0.620948	47.9755	0	2.00111	0.777641	0	31.1443	0	0.230857	4.46538	37.0465	0.634454	0	0	1.64933	1.31262	0	0	1.99477	0.489458	0	2.90954	3.93914	0	0	0	0
Nkap	0.075191	15.3157	1.10118	6.14697	9.20144	0.00359095	0.0157175	0.300268	23.5934	3.05726	0.66727	0.00371211	5.88851	6.57414	6.65448	0.237194	1.26645	1.89739	1.81503	15.079	1.67801	5.68807	3.7437	8.25162	1.6357	9.1466	13.5217	1.38382	2.29956	7.56703	1.20421	4.83757	4.96019	8.49693	21.9712	0.44186	1.0871	4.37941	0.73011	4.94266	5.58423	7.42979	0.522144	0.0430778	0.49267	0.856726	3.75215	0.0581359
Ostm1	0.763397	0	0	0	0	0	0	0	0	9.58356	17.1154	0	0	1.51993	7.26499	7.33702	0	0	0	0	0	0	1.30348	0	0	0.0861227	1.65491	36.5102	15.7623	0.034641	0	0.172971	0.14065	0	0.206851	0	6.65635	0	0	0	0	0.420256	0	0	0	0.0253188	0.209186	0
Pafah1b1	10.2088	5.52304	16.5258	27.3039	14.1002	3.62811	45.0226	1.38639	20.8924	13.5212	14.2575	6.7397	27.2376	29.4746	4.05435	11.7527	20.4358	13.8203	1.49676	3.09126	6.35539	7.22328	5.42482	19.1953	10.4484	9.95809	11.4986	24.3524	15.4451	15.9017	18.6959	3.46502	23.6578	22.2546	18.9934	36.3811	1.1042	1.72502	24.8837	9.31115	4.96007	3.49653	30.6695	7.42528	5.26095	39.6128	15.1954	10.5224
Patz1	0.138673	0.382583	19.638	0	35.9936	16.2454	0	5.66791	0	1.78469	0.161559	20.7127	1.54798	2.77921	0.0454051	2.49305	33.3473	12.8318	0	0	6.07805	18.6956	5.27569	15.3747	25.6785	0	6.89324	3.36361	0.522172	15.1293	0.305745	0.294076	14.8738	5.32133	1.72983	0.914302	0.100931	1.36239	6.62899	18.8164	9.79802	1.68362	0	0.209155	0	17.3592	18.7087	17.7937
Pbx1	1.06956	9.51303	37.1031	0.622989	46.3832	4.66882	33.4468	9.58239	7.03981	8.2776	3.32772	44.4192	12.6292	23.1872	2.08803	14.6802	4.32816	7.17675	29.4888	57.3955	7.27377	12.5722	11.2657	9.89642	23.6573	35.793	3.00059	20.5298	9.22858	5.73277	13.1839	2.14199	13.547	10.5779	8.71347	6.35213	4.90072	13.2018	16.2905	11.1512	5.08631	17.6916	33.8735	24.4581	4.02385	14.9946	6.6354	0.663008
Pcid2	34.7772	56.3391	22.2061	14.4543	0.290757	15.2967	0.00544355	2.21782	15.5367	4.52992	19.5966	49.1574	21.6365	14.8132	0.645364	39.3333	0.00556694	15.6427	0.697974	6.74853	26.9485	42.4455	4.17181	0.277673	16.7325	28.3526	27.7127	26.5165	0.132973	3.17854	26.7192	13.3904	46.6594	13.795	7.91293	14.2514	7.04753	9.368	18.3985	9.13093	20.4499	26.4724	0.137115	4.30496	16.5596	2.46044	0	0.00563604
Pdgfrb	1.35246	10.2463	0.214343	0.0646399	0.247945	7.0972	0	0.748408	0	2.28423	3.63681	0.288941	0.163719	3.18529	3.16303	2.76946	0	1.77544	0	0.383487	21.865	0.294815	38.5832	6.96528	3.07176	0	4.95691	4.77935	0	0	4.6766	0.139553	0.226308	0.124767	2.38775	0.237069	1.32777	0.11	0.80155	1.20258	40.6168	20.5147	0	0.134096	20.0719	0.652352	0	0.22649
Pgm3	28.8997	4.56635	22.704	16.0846	1.67604	20.0272	0	2.28166	17.8058	0	8.71683	22.4942	12.1468	0.907707	0.0515838	0.0251288	1.53371	16.5462	16.7819	0	2.29123	13.3664	7.83875	2.8472	0.220861	11.328	3.6828	0.955713	4.58266	0.205181	1.32913	10.6037	0	0.228802	0.0680171	5.51898	5.74388	1.00329	3.62355	2.00378	0.947656	19.2678	0	0.558761	20.8453	6.88866	7.55533	4.14912
Picalm	8.94846	23.7995	7.42178	12.9381	31.5866	23.6515	8.38557	35.0069	15.8198	10.1114	27.9891	13.6307	13.9206	12.3763	5.72416	40.0827	48.273	39.3784	2.2093	0.506548	5.59979	28.9864	12.183	9.96359	31.4824	4.60045	18.9607	17.0669	4.43437	24.5079	5.53727	10.1584	3.34564	32.0786	1.39136	26.0285	16.7189	42.9949	19.6372	16.5914	1.81489	2.90671	6.9135	7.66386	6.43602	4.8301	10.1979	7.06003
Pik3r1	0.0899383	0.17697	10.6958	2.27387	5.03206	1.74357	0.774715	0.0327141	2.71442	1.15177	0.0248401	0.146738	0.246866	23.3795	0	0.00284136	4.01792	1.3977	0.00271181	0.020233	1.93926	0.113131	3.03594	5.35753	0.0185392	0.164693	0.00627004	0.00515288	9.12429	0.012894	1.10142	0.0188717	5.36647	13.8123	0.719958	0.0547414	1.8649	0.0122759	2.16797	0	0.0163643	0.026411	0.0543507	0.035596	2.07607	8.87642	0.00259361	1.98152
Pip4k2a	0.0311751	0	0.456363	17.981	1.76036	2.32333	0	0	0	0.304314	2.90355	0	0	1.54002	0	4.71972	1.21288	0	0	4.04573	0	4.92015	0.0310477	0	0	0	1.82577	2.90377	0	0	0.392871	0	0.241202	0	0	3.23916	0.0213877	0.233907	0.753748	0	0	5.57643	0	0	0	0	0	0.0722204
Pir	0	38.1377	24.4379	9.52627	12.4481	54.5501	0	38.806	27.427	5.40052	35.142	1.74243	15.6095	3.3641	0	32.9288	0	17.8457	1.10764	13.3233	0	21.4769	4.40227	15.5246	41.6859	0	0.953388	0.968899	0	0.908721	0	0	16.2499	0	13.595	0.126276	8.26634	0.548068	13.3602	0	11.8231	8.48525	15.4664	4.30421	6.99401	0	21.7694	0
Pitx2	0.583173	2.02566	0.48228	13.1502	33.7316	29.2788	3.25218	17.0308	0	7.1338	0	10.3615	35.0345	23.64	0.983143	42.4634	0	0.524783	0	1.81934	9.07055	13.2532	9.92893	17.7884	16.6796	17.8156	52.1559	24.8915	0	82.8649	0.978039	1.56294	28.1353	5.7065	41.6809	16.5731	13.0603	1.60072	14.5455	15.0197	0.601191	35.5066	19.3496	8.86081	1.29862	18.4022	23.1503	8.75405
Pknox1	2.5118	8.10045	19.2285	0.588623	0.238832	2.41737	0.0795519	4.8693	1.68652	8.29431	0.202637	1.22126	2.7001	0.963805	0	0	0.174412	0.301352	0.0763964	0.199535	0.00447006	5.78523	0.303179	0.755986	0.39679	0.961365	11.5645	7.873	0	0.00363025	9.22038	0	7.95379	0	0.16067	0	0.392068	0	0.511128	2.0326	0	0	0	0	0.66497	0	3.35996	0.647315
Plcl2	0.0835156	2.84152	0	0	4.06601	0	0.435306	0.0633594	1.49023	0.258095	0	0	0	0.100469	0.057035	0	0.00865519	1.25659	0.159264	0	8.44893	12.5942	0	0	2.45309	0.125266	20.2414	0.704662	0.142698	0.605388	0	0	0	0	0	0	0.0544794	3.25206	0	9.61496	0.00474397	2.63133	5.02785	0	0.519857	6.70611	0	0.0153316
Plscr1	5.70651	7.45609	11.005	15.2468	3.14672	6.06482	1.36398	6.31436	6.61929	10.069	0.842239	2.0335	4.28004	8.04078	0	0	0.842516	1.25796	0	0	42.9857	11.595	21.7959	26.9351	59.5965	14.2788	31.4414	0	0.141892	2.4132	0.664303	16.806	10.8402	0	29.2982	19.6697	2.59945	3.7516	9.5862	10.4001	0.160573	0.122017	6.19888	10.357	11.2527	0	10.6324	4.02141
Pml	9.86701	0	0	0.200597	7.02923	0.173414	0	2.90211	0.0379409	0.984271	5.48146	0.956419	0	0	0	0.185867	0.143073	0	0.121521	0.238014	0.711071	1.0674	0.120544	0	1.93133	0	1.227	0	0	0	0.305507	2.0689	0	0.0645308	0	14.8166	0.124845	4.20956	0.0487735	1.74147	2.70961	4.49761	0	9.3631	0	0	0	0
Polm	0	1.9556	1.52788	0.994185	0	0.0214955	0	0	0.023424	0	11.0666	0	0	0.0712431	0	0	0	0.049517	0	0.0491407	0	0.0202477	0.224016	0	26.2454	0.177615	0	21.6973	0	0.107147	0.0157351	0	0	0	0	3.69479	0	33.43	0	0	0.0380469	0.0866606	1.47745	0	0	0	0	0
Ppp2r3c	0.279886	10.2412	23.9305	28.9329	0	21.6846	58.7894	49.9955	25.4082	2.67353	0	0.851706	10.6139	0	20.6752	2.86901	39.8343	11.7262	4.41113	3.79207	14.2578	4.66251	0	0	13.1041	7.88477	10.2956	0.647704	3.33783	39.2739	1.99535	8.81133	0	38.905	0	6.88312	21.2451	55.3313	5.45933	6.21542	4.22313	5.40166	0	0	8.29122	4.84869	0.485462	7.80246
Ppp3cb	2.57396	2.3789	8.61173	9.08176	5.73119	8.42755	21.3442	10.8069	0.155923	7.84247	0	8.27988	0.541807	9.25327	0.0994367	0.436513	2.59892	1.75357	39.2929	2.17672	22.2345	12.6578	2.894	4.95068	11.446	4.7196	3.73106	0.37124	16.1995	0.316741	1.53526	10.0867	17.5575	10.5339	4.25338	13.6702	2.96405	17.4026	5.95515	0.852665	1.60333	11.014	15.5405	7.51627	6.07517	8.56033	7.09456	4.23477
Prdx2	643.711	563.606	484.296	893.969	667.603	909.64	475.343	461.005	682.532	660.994	620.343	534.565	553.14	636.453	157.13	778.015	650.233	737.734	474.786	842.98	798.16	711.56	699.386	892.064	1028.2	472.238	533.385	316.336	613.073	823.057	381.33	429.807	673.341	550.735	513.316	485.388	425.287	443.881	770.074	673.649	374.795	375.727	913.366	635.079	840.889	454.962	369.484	256.632
Prdx3	3.73641	13.7433	149.856	170.057	27.9448	17.8973	30.9123	51.4581	77.3795	101.18	38.5141	98.2607	205.188	109.795	89.3287	83.4277	130.226	100.734	70.7156	58.1668	69.8481	112.605	166.895	45.1326	80.7161	64.6283	41.9132	28.8177	17.5226	82.8445	74.1021	127.896	86.2122	122.094	61.3257	34.4963	52.8064	38.7308	114.769	39.2442	7.79154	57.9654	17.7598	95.9803	43.2591	24.2659	66.9634	16.9382
Prex1	0	2.26638	0.470268	1.11645	6.29547	0.425086	0	4.34777	3.1097	0.0782501	1.36788	0.0633824	0.0448962	0.307644	56.0616	9.67695	0	0	0	0	6.22019	6.97086	0	1.43117	0.693732	5.24196	9.5522	0.367418	0	0.206795	6.68365	0.0191407	0.620432	0.112885	0.0456803	3.34542	3.04675	2.53502	0	1.28623	0.00349964	0.0371552	1.23238	0.60662	0.0525641	0.0894376	3.97448	0.111859
Prkdc	2.64062	0.049909	0.148921	7.14168	0.0255114	1.51201	2.72621	0.799399	2.49543	0.118826	0	0.048152	0	0.596154	0.0529173	2.53857	0.784875	0	0.269158	7.34643	0.400947	0.736449	8.06349	3.61705	0	1.23071	5.53641	0.0388405	0.153934	0	4.76294	4.85814	0.0942321	0.103925	5.85391	1.25865	0.403076	0.0459121	3.96279	0.0501297	0	2.9761	3.23951	3.43449	1.41071	3.08021	3.46506	3.3853
Prkx	3.56781	0.208179	3.02815	0.349772	6.52755	0.45317	0.260452	0.0270651	7.96291	0.206937	0.306133	0.406782	17.762	0.522008	13.5795	0.213918	0.0775683	0.134364	0.20422	0.330168	0.244938	0.192325	5.77597	0	0.0401078	0.642717	15.6677	48.9959	8.46898	1.18659	10.2685	0.0295946	4.86779	1.527	0.401265	0.0494704	0.980099	0.231625	0.173116	0.626621	0.72533	0.00392142	0.581417	3.4756	0.134567	0.206298	0	0.0431868
Psen1	8.02979	17.5391	22.0981	51.8024	1.70169	0.103703	3.39955	66.4494	0.0678242	6.07151	72.4495	8.35509	6.26893	7.01159	0.388661	11.6349	0	16.1962	29.6209	43.3869	33.1305	19.6248	39.4129	3.24129	21.4223	2.22796	0	0.0732461	0.194831	0	17.3118	13.023	12.0352	1.04125	0	0	3.4956	0	39.7079	1.55914	20.1591	0.250894	17.1073	51.8556	39.9254	2.11614	38.61	91.1141
Psen2	28.6255	0.00874081	0	0.631302	12.3552	0	0	3.95875	0	4.74717	0	0	5.26555	0	0	0	0	0.0565562	0.343489	0	0	0	1.70806	0	0	11.9208	0.0451977	0	11.959	15.8141	0	20.6022	0	0	0	0.787032	0	0	0.0275762	4.91876	0	0	0	0	0	0	0	0
Ptpn11	2.42852	3.06358	20.7561	12.5316	0.11804	12.1336	6.46663	5.09999	4.39041	4.8667	10.8171	2.90014	27.8529	11.6979	0.203559	5.88025	1.31757	4.08805	1.5873	5.18138	0.39762	4.33889	9.61557	3.36056	13.341	2.40692	4.74337	1.83597	3.55998	3.07258	1.18782	1.99049	1.74724	19.0249	8.7891	24.2232	11.5861	10.841	3.64029	2.55345	14.5064	4.70721	11.6707	6.40601	23.3129	1.57398	5.00596	6.10765
Ptpn2	38.401	29.3392	33.7613	117.04	31.6476	62.5261	18.0075	11.3845	91.7504	17.638	72.2182	23.1641	29.9632	68.9704	0.618746	11.5036	110.16	40.22	40.8438	23.8152	54.8164	106.564	52.9529	17.5991	52.9839	33.8262	46.1031	105.48	57.6071	102.517	19.4197	49.6989	112.066	20.8865	0.620065	167.09	8.82503	59.4977	82.0905	24.6909	5.99057	46.2722	127.279	179.522	74.2294	10.8754	58.3032	4.57014
Ptpn6	0.0219184	0	2.24894	0	7.87702	0	0	7.84575	1.53464	0	0.681303	0	0	0	0	0	20.6839	7.52324	0	0	28.7182	0	0	0	30.347	0	0	0	0	0	0	0.243189	0	0	23.7712	0	0.105155	0	0	0	0	0	0	8.28862	0	0.999821	0	0
Rabgap1l	0.650381	3.11674	0	22.1284	0.10389	0.092147	0.0259616	0	1.17625	0.865235	3.42146	0.190415	12.0742	0.0314177	6.57252	0	0	1.03325	5.73101	0	0	0	28.5259	0.984207	1.17548	0.152293	0.00719107	16.6936	36.4389	0.00766118	1.16977	0.535668	6.46678	0	0	22.718	0	2.35247	2.40356	0.396018	4.9957	18.8105	0	38.3263	1.89755	0.00242754	0	0.0128179
Rb1	0	0	0	0	0	0	42.1316	6.61287	0	0.448739	0.0204097	0	0	0.786063	0	0	0	0	0	0	0	0.695174	0.022897	14.3806	0.0745366	0.0363013	0	0.0438025	0	0	0	0.109619	0	21.7292	0	1.23667	0.0947993	0	0	0	0	0	0	0.0790422	0	0	0	0.0533603
Rbm15	2.29316	2.1421	3.16183	1.54239	3.44023	2.0007	6.87345	4.69477	0.698325	0.811125	2.47589	0.098428	1.85835	0.505209	0.857978	1.8867	1.21639	0.263327	1.00064	0.941039	0.819619	3.26671	1.4895	0.992059	2.46085	3.93636	4.54049	11.0498	1.25376	3.32628	2.59611	4.27152	3.47151	3.29531	1.98585	5.8101	3.14525	2.05644	2.73215	6.75497	0.101256	3.30498	1.17879	1.25681	3.04871	1.01854	3.58641	1.07741
Rbpj	0.411025	2.51138	3.01095	9.53426	3.37855	16.848	0.552561	4.71524	2.01426	3.81886	7.20986	7.42192	1.74348	11.3151	0.0422509	0.741021	5.34376	1.07893	5.90779	0.0756998	6.34568	2.44047	0.35078	23.879	4.73589	1.94638	11.3357	7.12737	0.208055	0.111519	4.66896	7.94152	14.6122	21.7829	5.62741	0.0339292	19.7233	3.03837	8.61432	6.99854	1.3636	3.8062	10.8996	0	6.92511	0.488463	6.05697	1.81803
Rc3h1	7.93374	6.43239	12.3108	6.431	1.26937	0.339213	0.314632	12.8035	34.2242	10.7593	8.98364	2.90782	13.9646	23.0466	17.0329	14.5165	16.6964	8.2999	6.98565	31.1529	0.859423	3.89611	37.0982	6.68165	9.68177	5.22351	1.00087	12.7523	0.687272	12.5957	10.1167	7.62565	1.59526	10.8757	5.66145	0.0827581	2.48713	8.87476	9.19678	10.8261	3.87169	11.233	10.7759	16.8022	10.3686	12.3732	1.32404	2.36126
Rc3h2	2.06534	2.27479	1.37145	3.1027	0.654035	3.44671	2.15521	9.45398	9.73026	1.38257	13.9824	7.42158	0.820598	1.00862	17.5137	0.683894	2.93311	5.13401	0.0807453	1.73663	4.10307	5.858	15.6326	0	4.75515	4.43809	2.25347	2.01212	1.24076	0.181009	1.94888	4.91829	8.29702	0.703205	0	1.08214	2.25816	7.21841	1.71532	2.71286	0.608822	4.50237	5.60647	8.43602	14.4812	12.9725	1.86728	2.29723
Rcor1	4.98566	15.5481	4.89195	8.8701	6.3619	1.51112	11.7109	0.775889	0	20.5848	42.9527	0.120028	0.572096	10.0168	5.91418	8.56355	51.8429	24.9853	13.5457	0.159424	0.9995	17.3211	5.20857	0	0	4.99427	2.45921	0	0.0272712	11.1586	0.714408	1.34929	1.25478	0.388973	2.30613	2.73186	29.3976	10.0952	4.99922	0.24953	4.93514	0	0.479345	15.1908	29.5481	3.04872	5.71331	2.62417
Relb	0.153774	0	9.92781	0.0340004	0	0	3.36853	0	0.191734	0.500875	0	0	0	1.36494	0	0	0	0	0	0	0.541578	0	0	0	0	0	0	0	0	0	0.12891	0	0	0	0	12.7254	0	0	0	0	0	0	0	0.528793	0	0	0	0
Ripk3	0	0	0	0	0	0.354065	0	25.1959	0	0	12.4774	2.92037	31.6798	1.48655	0.131165	0.971708	0	21.9175	6.67495	0	0	0.0775739	0	1.85292	8.83589	0	0	0	0	0	4.33747	0	0	0	0	32.2344	2.74821	2.99101	23.8485	0.379072	0	0	3.06951	0	59.9424	1.20197	15.5206	0
Rogdi	19.0111	6.65145	26.8963	0	12.2282	0.499069	0	0.689499	11.9147	2.5495	13.5716	8.73144	4.35746	1.65438	0	5.46799	0	7.59898	69.4891	55.6915	22.3033	12.3885	20.2548	0	34.1751	16.8944	40.607	11.0638	11.819	2.22326	20.0079	21.7386	0	16.6686	0.246568	52.2719	5.83531	19.2655	20.5955	6.39256	61.1965	21.9946	47.2925	20.6081	13.3692	10.1472	0	2.58469
Rora	0	0	0	0.236837	0	0	0	0	0	0	0	0	0.199176	0	0	0	0.161929	0	0	0	0	0	0	1.07469	0.0146471	0	0	0	0	0	0	1.01383	0	0	0	1.47004	0	0	0	7.015	0	0	0	0	0.013756	0	18.6518	0
Rpa1	39.7237	9.69932	47.956	58.2802	6.32401	2.57413	0.168774	35.8049	22.3587	55.0525	31.1437	7.33859	2.50987	4.77763	0.0771872	34.0907	3.77685	42.2655	0.75689	3.95476	13.0316	41.4147	6.65328	11.7996	46.64	83.2098	79.1811	1.15914	34.0483	8.95303	60.5244	7.09207	10.7339	21.1365	5.31327	33.8277	24.9612	9.2884	6.07884	0.442312	81.2695	24.9117	17.4103	45.8075	80.0876	11.2727	59.5194	0.249348
Rpl22	33.8036	56.6358	73.1578	111.572	78.8453	107.741	53.529	121.203	49.1001	79.0549	62.2272	60.2713	65.2751	108.461	77.1368	112.879	128.889	99.8853	79.2558	71.5392	130.731	51.9249	128.398	80.3436	178.921	83.8429	67.0882	75.5523	110.643	65.2658	74.7358	101.116	59.8166	62.1037	77.5564	60.3347	60.9121	106.046	53.7084	50.0836	31.5182	61.1086	68.1432	68.676	116.147	96.7792	108.703	19.543
Rps14	2315.72	2612.75	4079.73	3911.13	3815.48	2991.65	2149.92	2510.78	1861.55	2996.15	2639.59	3238.84	2404.58	3433.42	1877.41	3084.57	2355.39	2664.78	2578.56	3155.47	4501.68	3407.35	3273.7	3609.15	3971.84	2378.6	2685.92	2343.64	3696.3	3144.55	1779.66	2352.26	2631.84	2612.33	2554.26	2187.68	1650.19	2597.44	3006.82	2912.1	2531.95	2641.94	3341.73	3419.09	3480.25	2168.7	2568.76	1253.68
Rps19	2333.63	2474.93	2996.29	2940.02	3467.27	2717.04	1962.68	2346.77	1889.5	2290.41	1898.28	2400.46	2565.73	3000.88	1673.61	2914.28	1911.32	2328.73	2916.52	2605.37	3261.32	2095.96	2628.99	2372.81	3207.77	2351.33	2308.32	2126.43	3336.5	2181.72	1561.28	1899.66	2100.42	2349.68	1865.21	1684.04	1499.69	1791.05	2106.72	2203.57	3160.49	2008.1	2703.42	2927.75	2754.65	2220.75	2616.67	1464.16
Rps6	1149.89	1011.15	1360.21	1565.62	1340.77	1480.18	745.371	1186.64	904.174	818.126	977.373	1113.41	881.485	1334.83	614.778	1220.42	891.206	1079.61	1169.19	1360.43	1099.23	1129.14	1268.67	1436.61	1202.88	966.398	1110.22	931.862	1064.22	1060.93	773.446	881.995	1050.49	795.114	977.284	897.358	753.25	914.545	1152.51	1222.98	1071.06	994.837	1467.72	1464.39	1336.61	959.68	964.654	609.853
Rtkn2	0.919536	3.47092	0.467106	0.421446	0.768741	2.23406	0.821017	0.628829	0.790008	2.53076	0.671567	1.66756	9.61273	1.01109	0.760859	5.90118	0.847157	0.961195	0.264375	6.46528	4.07422	0.0928515	0.258232	0.0406842	1.32403	10.9964	0.288409	1.95029	0.55117	0.170114	5.25491	0.594232	4.15394	1.02579	3.00134	5.46422	4.20745	1.07831	5.50652	7.92895	0.773331	0.223627	0.892249	6.55993	2.17553	0.721656	1.45175	2.1933
Runx1	4.67853	2.69258	1.93486	6.13146	0.189497	1.40621	0	0.0113105	0.500026	0.184095	5.12211	0.223629	7.3079	0.633147	0.0531602	0.00474217	0.00866065	0.304481	0.0596681	4.95061	1.12851	0	5.37019	0.448625	6.43467	0	0.140492	1.5132	2.40908	0.605202	0.00236543	3.51278	1.06548	0.25917	0.0128906	1.79489	2.32575	0.0283912	3.25181	4.16211	0.0172813	0.00436908	1.5735	0.587021	3.26317	2.99072	10.2471	6.38957
Sart3	0.371329	6.93122	14.4353	0.0997981	2.45579	0.17259	1.20319	22.2089	0	0.29388	1.52238	1.07009	0	4.83343	0	1.33899	0.137838	0	11.3316	9.47189	18.3518	4.32472	7.37608	0.898082	2.32266	11.6953	3.65758	0	1.29878	3.10034	17.1518	0	0	0.288891	0	8.6569	2.16926	3.27617	18.1253	15.3947	0	1.04469	5.072	0.621012	8.58153	0.167778	0	14.5107
Satb1	2.85981	0.836316	2.05791	1.70296	0.0827324	3.33079	1.44199	0.0222621	0	6.64179	0.045254	3.83998	6.85768	0.710986	1.39979	1.62164	0	5.9047	0.512607	1.47156	5.99916	0.900371	5.28776	0	3.25926	0.00399203	3.03439	0.759187	3.63405	6.88073	3.76673	1.98981	0.658255	0.217753	4.94314	0.768842	6.2177	0.768288	0	0.20446	7.51021	0.0524945	0	0	0	0.531316	0.245142	0.830556
Sbds	88.2079	102.015	79.2382	37.8046	11.887	39.4609	27.2404	65.8623	50.9563	71.5431	18.4161	108.741	9.91427	68.6351	21.6982	75.8236	2.37772	52.6847	18.9616	53.0884	2.55894	100.969	18.3616	63.3877	59.0251	29.9007	48.7879	26.6864	56.3411	4.13981	37.0569	23.4918	21.5922	59.194	1.1474	77.6908	13.5073	68.9308	17.5974	89.262	175.857	52.3057	33.7157	9.44824	74.9043	9.66805	27.1277	30.0079
Sfrp1	0.0182989	33.7963	0.0402004	0	30.6277	0.0139821	0.013935	6.54791	17.8331	0.0119041	1.11406	0.0216819	36.7319	0.0139018	0.0241603	0.00384838	0.0167757	1.86419	0.0146933	8.1692	0.0171947	2.01009	0.0109329	23.3795	0.0451884	44.8361	0.082754	0.249454	0.0230465	0.00698262	1.07079	51.4571	0.0149877	15.1421	27.7878	12.1527	10.7221	0.0389484	7.92076	2.41588	1.74147	0.0112927	76.9448	0.0251605	0.483591	48.4933	11.7449	0.0141502
Sfrp2	3.6086	2.79778	8.74624	7.75318	12.6847	20.4526	1.06994	3.00327	0.106516	0	0	2.86879	0	0.26032	0	0	0.00648708	11.0879	11.6691	6.0554	14.4543	2.80446	4.9422	3.42222	16.071	2.83831	6.41766	10.2273	24.6296	30.2559	0	7.979	18.3181	1.09431	5.34871	30.3363	6.66158	1.49013	0	9.99069	2.9652	3.0269	3.87848	0	0	0	0.163843	0.0185106
Sfxn1	51.2179	49.148	87.1401	31.5443	21.3649	23.5827	38.0783	64.1488	22.9825	49.3229	62.579	23.3624	53.8196	40.0389	28.3423	63.0593	1.52064	94.0425	90.7654	117.494	44.1359	51.6782	34.3978	15.2143	56.8149	28.7578	48.2301	28.7231	47.7275	17.4565	26.5223	30.9598	51.1558	29.2286	10.8404	37.4957	30.8333	46.6087	69.3114	75.4493	34.2094	88.3255	34.3773	71.4869	45.7558	18.1059	67.6649	13.1302
Sgpl1	17.9888	24.7884	4.08642	45.5401	9.97736	18.2738	27.244	36.0917	61.1029	19.4211	43.5176	25.8093	20.5214	29.0571	2.58304	5.41016	137.291	0.856468	7.24289	36.2699	2.17078	0.75214	30.6827	4.64133	17.6732	31.9609	17.6018	42.4588	78.2706	4.39851	0.261848	22.4553	4.51813	0.365685	37.1606	0.842874	0.113449	0.0974729	6.1498	24.687	0	23.0029	0.715937	25.81	13.9468	4.94271	20.3882	18.9326
Sh2b3	0.956755	0.103205	0.0819838	0.297433	0.0421847	0.17152	0.193069	0.113971	0.209927	0	0.238437	0.210252	0.125317	0.938007	0	0	0.00601967	0.10374	0.0675079	0.470408	0.144805	1.00929	0.0670169	0	0.207409	0.425128	0.267107	11.6388	0.34171	0.576498	0.112867	0.0355237	0.0173562	0.800084	7.30285	0.0258097	0.0920686	0.00419586	0.244052	0	0.213176	9.75827	0.340363	0.244161	0.269383	0.208204	1.28978	0.362611
Six4	0.0255431	0.0290476	0	2.8841	0	0.406499	0.0445154	0.0498962	0.0136409	0.0184578	8.8194	0.0915541	1.36574	0	0.0081832	0.00298482	0.0144721	6.36407	0	0	0.00333393	0.0953186	0.0282578	1.12587	0.116848	15.3478	0.00821944	0.00380838	0.0425941	0.727773	3.07206	0.0699429	18.1094	0.00302548	26.6778	0.427106	8.51535	0.00711387	5.09129	0.457768	6.69282	4.61633	11.6151	4.04512	0.123972	4.65174	13.2138	4.57009
Slc11a2	0.131558	9.77973	11.2773	3.40353	0.196815	1.69196	27.0052	17.4255	5.42933	8.92278	0.250958	0.319564	0.237613	20.674	0.224128	38.9804	0.0969289	2.33287	47.011	2.20466	40.7117	2.64924	0.410701	0	0.109715	0.145675	0.548173	6.05653	0.12684	0.0396383	0.317382	11.171	0.245963	4.10817	2.40891	2.18069	0.30327	3.29302	0.258985	20.4627	0.0642594	8.71782	2.58926	0.284948	26.5544	8.21936	0.986931	0.781414
Slc25a38	0	0.228994	0	0	56.6078	0	0	0	3.2001	0.0192302	0.594301	0	0	9.9575	0	0.941245	0	0.296901	0	0	0	0	0	0	0	2.12633	0	38.8964	0	12.3413	17.9871	22.094	2.60376	0	0	0.12811	0	0	7.77319	0	8.82724	0	0.884248	0	0	0	0	0
Slc37a4	0	0	0	13.6007	0	0	0	0	0	32.4498	0	31.743	0	3.93483	0	23.5053	0	0	0	0	0	2.05953	0	0	41.5117	0	0.94206	0	0	0.00776743	9.5789	0.387509	0	5.04989	0	0.562652	0.00557709	3.96524	15.5375	0	0.165378	0	0.0134161	0	0.535013	5.60867	0	0
Slc40a1	0	0	0	2.2328	0	0	0	3.37939	0.270842	0	0	0	0	0	0	0	0	0	7.24303	0	0	0	0	0	23.3558	17.3229	0	0	2.85277	0	0	0	0.0310212	0.205181	0.0304229	0	55.0142	0	0	0	0.0977384	0	0	0	0	0	0	0
Smad5	2.19506	15.3611	6.46728	12.4909	29.696	1.79952	17.0313	0.0380861	0.042227	5.58523	1.61032	0	1.02369	4.28616	0.0704903	0.752836	0	2.01366	4.97389	0.0936689	38.0635	10.2156	2.6125	0	1.67267	4.2813	0.0172538	6.77207	0.218116	1.27561	0.321137	7.32832	6.21213	0	6.33887	0	15.895	11.7639	4.53642	0	0.922869	0	1.69161	1.03771	0.41994	12.2384	3.06964	0
Smarca4	40.405	25.6393	16.8851	30.6672	17.5374	36.2439	16.9534	18.8619	22.1704	34.3874	28.025	6.88881	15.0461	13.0506	4.7806	12.9602	22.874	11.899	9.12982	10.5661	12.7837	4.98603	31.1092	11.779	20.7688	22.3683	33.5853	38.1748	7.8508	11.451	5.24272	5.6606	38.4334	2.2683	23.995	9.8717	5.65081	18.6671	26.6395	5.79613	15.861	22.3442	15.4163	9.7365	30.1219	16.5522	16.2849	4.65837
Snx10	18.6486	9.97663	22.9232	1.04847	0	3.75224	35.0311	0	0	29.5228	1.08073	0	2.25889	9.9715	51.4067	0	0	4.30264	2.44437	0	10.8283	2.05102	57.5646	0	24.894	8.55194	14.4582	47.9529	1.70124	0.774126	22.0716	13.965	0	22.5173	0	2.80734	20.6023	14.126	0.983282	1.20451	0	0	35.212	0.155296	4.14733	2.26602	11.6752	0.208659
Sod2	27.4974	24.0684	34.5011	45.7969	62.9868	24.8942	31.7106	35.7343	34.4872	33.2154	58.7015	47.3804	51.2316	19.7737	2.06374	41.5502	7.11758	35.4432	53.5929	8.92687	35.6075	20.061	14.677	11.2672	26.2386	23.2701	47.0254	7.09354	32.9928	37.6435	44.1817	28.5202	15.7034	11.0051	38.7837	30.2082	16.7056	23.9956	50.03	45.5726	5.26438	20.9948	43.0286	31.8012	35.5268	9.29286	50.9979	22.4713
Sox4	2.78243	3.5295	0.814276	1.84493	6.39953	0.904156	0.261495	2.33087	2.29531	0.362252	0.493391	0	0.829628	2.25631	3.47145	0.409478	0.339178	1.4212	5.138	2.33451	1.69903	1.1222	2.32799	0	0.114434	1.23052	2.89503	3.02784	0	2.54522	0.467224	0.264759	3.58855	8.30664	1.48353	2.7589	2.59322	1.25126	2.78101	0	4.57545	1.45814	1.54451	1.91323	0	6.51132	0	0.0107299
Sp1	25.7526	20.0031	24.1618	27.9923	13.385	19.5608	80.3838	68.4141	41.8358	25.1627	53.8603	30.7385	13.3288	23.3364	91.5465	25.0206	13.5642	27.17	34.4028	28.7057	13.4174	25.6577	36.3374	13.0635	17.6881	16.4445	39.2108	44.195	41.2028	14.5383	10.0534	42.6306	61.4864	33.9056	17.116	65.0419	42.0563	77.5703	12.7198	60.3117	26.2491	16.9432	22.7352	22.1234	44.0814	35.2901	39.1114	8.92144
Sp3	9.60356	1.36801	6.14191	13.0408	59.6348	1.20117	16.7043	38.1873	30.1438	5.37216	9.89512	12.624	17.082	12.0246	20.8679	50.6	1.693	7.36913	4.38458	9.58632	4.47975	3.07125	0.587332	14.062	25.7692	9.7248	22.3012	0.898063	6.31792	37.6635	18.5567	8.84024	14.0936	4.25401	3.28262	14.1581	8.20825	4.54657	2.21801	11.3496	15.5881	9.70162	5.60011	0.675824	0.299758	11.5024	12.6777	0.0911831
Srf	4.97027	2.08793	0	1.56062	0	0.0749627	6.15122	4.88847	1.17929	1.91465	0.613479	4.10676	0	16.7449	0.225685	0.0825185	1.55823	8.07888	0	0	0.0998561	0.395469	0.781488	3.11837	9.76965	1.64173	0.113547	9.02192	0	9.10715	0	0	4.2834	0	0.0372254	0	0	15.4951	3.98414	3.54636	0.046535	2.36068	10.6679	0.359693	0	0	0.150613	0.0606636
Stat5a	0.0181391	2.48048	0.0547711	0	0.18779	0	5.41756	0.0716812	0	0.754688	0.0265506	0.0288102	0	0	0.0214884	0	0	0.0395132	29.9672	0	0	0	0	0	0	0	0.00927552	0	0	0	0	3.20712	0	0	0	0.0259217	0.0770175	0.22742	0.0723613	0	0	0	0.0489815	0	0	0.128288	1.98129	0.225397
Stat5b	0.193822	0.661195	5.76178	10.4197	0	0.0616987	3.64347	0.51617	1.74083	4.1848	0.00637223	0.0127594	3.01522	0.0272638	0.294669	0.0679419	0	0	13.0669	0	0.22767	0	0	0	0.0332441	0	0.0142145	0.45142	0.0145375	0	0.163008	0	0	0	0	0.0373732	0.188717	0	0.169186	0.265498	4.07428	1.34593	0.254523	0	0	1.07027	0.186035	0.0124973
Stat6	11.0728	0.0911644	8.50717	7.83207	0.177421	2.89324	0.0629385	23.4021	0.0531119	4.07263	0.0752838	0	2.01766	34.0634	52.3272	0.0127989	0	10.5301	2.98579	1.6839	12.3716	0.961526	35.8103	0	0	17.6333	13.3625	1.86039	2.21081	0.16178	0	5.67683	21.6289	1.0366	0	34.6952	3.50396	2.25142	5.02141	0.174271	0	13.3433	1.61161	0.0567502	53.7406	10.0577	10.0343	21.7882
Stk11	0	44.932	27.0011	15.1072	25.9034	9.586	0	7.50057	5.27253	15.6135	23.8635	0	5.87108	53.1287	0	39.162	0	32.8697	29.9141	16.629	42.9079	1.37364	30.807	21.8544	0.223317	10.3259	1.09651	3.41162	63.4885	24.3925	12.3782	0.343527	66.7814	0	18.3482	0.747	2.37072	26.0023	6.1703	23.1732	8.35651	0	0	2.26157	60.153	12.522	0.0115741	0.166645
Stk3	4.9737	3.70609	8.57995	16.6146	4.49058	8.96724	13.5444	9.19833	30.2323	11.3154	34.8758	0.334749	18.1156	41.9667	0	9.98111	0.258332	0	23.7323	4.74213	18.9816	38.3255	0.0506668	32.6514	0	15.7118	0.326682	45.2634	6.49304	24.772	24.3896	0	33.3861	30.131	0.428789	28.1474	37.7212	2.8944	2.82457	3.01606	5.04826	0.0914669	14.7032	28.0035	0.246896	0.524852	25.3665	0
Stk4	8.50663	3.94235	3.73234	3.84978	2.36667	19.7351	1.7788	12.6046	8.73738	2.4855	1.62841	4.58875	0.741231	0.85142	2.40077	2.05765	1.72985	3.14574	5.1246	5.6497	12.4973	7.77816	0.669677	0.60659	1.25856	19.7859	4.95736	12.7816	26.311	10.7365	8.19448	8.38307	16.9464	0	14.9104	3.39636	3.11041	11.6446	20.9555	21.7362	0	11.7009	5.35936	9.45747	10.7501	2.16573	2.05419	12.3507
Tacc3	32.3892	89.4615	111.411	102.257	2.24815	146.957	38.5635	42.0393	30.27	96.7988	22.1648	44.3321	70.0086	74.9383	5.87848	159.253	2.59976	72.5643	71.6203	58.2781	179.197	56.1424	111.193	27.7531	116.154	26.7825	49.5275	30.0585	53.9865	0	54.8187	20.7524	27.0912	171.419	0.719786	40.4708	64.8867	36.2647	33.7596	155.173	0	29.5652	37.75	51.6704	134.212	127.582	42.9011	0.0974785
Tal1	1.0797	0.868096	12.3293	17.4663	4.75905	0	2.90597	0	0.0482914	0.388846	0	0	1.94127	6.44531	14.1965	0.729838	0.412312	0	19.2741	0	0	60.6257	0	0	9.48201	0.128169	0.0619945	0	0	11.4022	1.68562	0	30.4263	14.1004	0.14633	5.45253	0	0	4.90958	0	0	0	5.92915	0	0	0.071634	0.888081	0
Taz	19.4851	0	0	9.37957	60.2921	0	0	0.153575	0.360104	0	0.17073	28.7257	20.1277	0	0	0.810822	38.6166	31.5813	0	39.1838	2.71996	18.2758	2.30816	0	0	29.0833	0	3.87561	15.8723	10.6466	0	1.98211	4.98369	0	5.31066	0	0	0.59971	1.55652	0	0	23.0218	0	20.1099	0	11.9646	1.25137	16.441
Tcea1	48.3176	59.412	45.658	164.879	23.6955	46.773	41.2858	67.2087	31.7973	63.8793	50.8063	27.7465	79.4666	76.7616	63.6439	44.9457	36.2783	77.0766	83.9067	85.0681	102.049	57.5404	144.862	44.1039	23.8871	54.9801	53.5194	48.5259	83.1748	60.2512	40.033	24.3867	32.5454	29.1145	33.4039	22.0878	47.3287	48.4729	100.135	25.9315	21.0504	32.3456	44.1359	72.2785	70.856	57.8719	41.6558	51.9807
Tcf3	1.28098	3.31746	1.56247	6.31719	21.0943	1.71734	2.00727	8.02437	5.17822	3.20667	9.36554	13.129	11.0156	1.68214	1.9184	11.5012	41.9462	2.28696	13.4421	2.58355	3.24046	11.2833	10.6693	14.6967	5.95704	4.86264	14.6428	2.36092	6.22745	6.2013	1.93138	7.91844	4.19377	26.7725	0.957933	5.16077	10.2458	9.32763	15.3325	1.82136	8.98863	5.80502	16.2181	12.9563	19.3925	5.317	4.03422	4.43852
Tcf7	0	2.15993	5.51371	5.33713	2.83759	7.93586	1.53452	13.1043	3.95099	5.15955	21.1133	15.0375	5.92048	17.0254	33.334	0.475607	0	0	6.20699	1.78041	18.7745	9.32234	10.5336	0	21.8551	15.4961	7.72826	0.0951306	53.8632	2.44092	0	0.597055	0	0.643516	0	23.0675	10.3135	0.940072	3.28438	0	0	4.29768	0.148724	3.28569	39.7089	0	0.0481951	0
Tet2	0.272764	1.94417	0.169714	1.19741	41.4647	3.49288	0.558352	8.45527	0.387468	0.550691	1.35456	0.769717	0.221277	5.65912	0.0262414	0.147661	0.00648994	1.42932	0.306121	11.4139	0.336073	0.0248858	9.37885	1.3418	0.490527	0.169318	3.05692	0.00719313	1.19154	0.960096	4.70727	10.7336	13.4498	18.077	18.9497	0	0.00388879	0.301045	3.62573	5.36461	39.4456	0.13082	0	0.760817	0.0493346	5.73286	12.5297	0.429852
Tfrc	19.743	47.5649	51.6828	44.9052	0.0677138	2.10179	106.585	14.3253	35.7756	41.1565	138.594	14.6375	9.17769	19.5083	123.764	49.6247	143.129	42.7004	27.8083	5.85403	48.5108	18.9974	9.4102	0	15.0551	3.47425	65.8282	2.67258	39.8508	8.52391	91.3507	2.72633	15.2153	105.511	27.6999	114.169	20.1534	10.4197	22.4798	7.1822	0	0.349614	42.7784	80.0299	9.11882	3.42743	20.7517	1.40237
Tgfb2	2.2495	4.92977	29.3935	0.0106445	0	0.0429452	0.117226	4.48993	13.1604	0	0.0294362	0	10.6164	3.69172	6.23891	4.18847	12.1637	0.533975	4.52335	29.1744	8.31907	0.0849631	0.00479736	0.669488	17.6044	0.331274	0.0162722	0.0428343	0.00303499	0.207017	6.65871	5.79093	5.03044	0.0635175	9.15967	23.1603	25.7576	0.217235	0.0452917	12.4725	25.9421	10.7202	0.00738154	0.0193211	4.28143	0.0313279	11.8099	0.326122
Tgfbr1	0	1.54148	3.0649	2.83423	13.3641	7.29693	0.0874943	0	13.4292	22.7638	0.693376	0	5.72239	17.5811	0.0402136	36.255	9.5365	1.47151	2.35162	3.36295	3.07975	7.37651	38.5437	9.95695	4.47839	1.93702	19.9115	3.22675	0.853951	17.2003	0.516214	7.49457	1.66033	0	0	7.21656	3.33938	5.03376	0.00224714	1.26675	17.5456	0	6.72934	0	3.65487	2.12461	3.58778	22.0684
Tgfbr3	10.6348	1.17262	0	0	21.5214	0.00248606	17.3183	0.0468237	1.53482	7.7043	28.2138	11.3655	12.7251	0.0329561	0.0125197	0.0027385	0	1.92308	58.9175	0	0	1.04932	0	13.9394	15.9239	0	0.303572	23.5605	0.0156353	5.66704	6.52876	0.910975	18.8656	3.00048	19.4238	8.4155	1.64769	0.00326419	7.67799	4.38831	1.27194	0	7.91599	0	0.0028434	0.0544262	0.949909	0
Thoc5	8.46124	26.2669	2.39283	34.5762	0.315758	6.71946	5.24089	10.8362	17.0364	22.1455	82.6606	34.7422	6.75338	14.7647	0	0	0	8.99125	38.0556	0.0660395	27.6716	10.4795	0.752696	12.075	33.8405	61.5995	9.59291	17.5298	41.5397	62.4079	6.46043	48.1941	0.194943	60.0976	8.73676	83.0266	0.826301	18.8293	12.8323	27.266	0	0	0.595788	36.0235	29.8674	55.6885	26.4985	0.619815
Thra	0	1.07569	0	0.0553746	0.015702	0.143715	0.117574	0.239498	0	0	2.92822	0	0.279861	0	0.428442	0	3.42502	2.38455	15.8631	0	0.0588056	2.08446	3.81781	0	13.5026	0	0.00570631	0.331654	0	0	0	0.00594706	6.39802	0	0	0.0863799	0	0	0.605805	0	4.87284	0.0105177	7.85111	0.0344491	0.656457	0.27902	0	0
Timp1	29.3243	1.40492	0	0	0	0	0	0	8.16804	0	0	1.35663	0	12.8577	0	35.6499	0	0	0	6.64064	32.8556	5.23919	0	0	0	0	1.96732	0	23.8599	1.29893	0	0	7.13839	16.6841	0.433309	0	6.16681	0	0	0	0	32.6607	0	5.27699	0	0.424939	0	0
Tiparp	7.33959	6.56185	20.1768	20.5701	22.5986	6.86309	24.1689	13.6422	7.15982	3.51843	9.46108	18.8419	54.5963	23.6261	39.4982	3.73693	13.7484	14.5807	9.07263	5.36714	4.90016	35.6552	36.7746	9.20894	1.35131	11.8318	46.8393	22.4028	4.89876	9.21903	35.9804	30.6185	32.4728	0.494189	8.94203	40.4976	1.80395	27.6582	11.5799	17.9329	1.34389	10.7265	25.3418	34.7022	53.6594	19.0886	42.7285	0
Tirap	4.05823	1.33892	2.05892	1.44944	1.43837	1.34978	0.876271	1.49704	2.46989	2.82025	1.07497	2.16035	21.4461	24.4502	18.0576	0.900874	8.61909	3.63487	4.15619	1.64381	1.84274	20.6238	1.3143	11.5098	9.48826	2.07263	1.77107	1.73875	1.13689	4.17729	1.54079	0.90714	0.980917	22.0403	27.1586	0.971596	7.85179	0.663715	5.46563	7.99997	1.59893	2.98086	2.23731	4.16298	17.7086	4.3512	16.433	13.837
Tnrc6c	0.190683	9.83683	7.41159	2.41184	5.57914	3.51787	0.515269	5.79374	4.77255	3.27109	1.91174	7.09706	3.26287	7.12827	0.048574	0.547159	0.0305291	1.69341	3.65422	0.337524	0.0440263	4.55424	0.455952	4.59385	0.78398	5.24575	2.94936	8.77935	1.12619	0.0409025	3.1751	2.48573	2.87091	7.87231	1.20704	2.65755	11.4724	0.408665	2.21137	3.00857	0.301347	0.275636	6.2255	7.64773	5.88683	5.27894	4.98505	9.11475
Traf6	9.07816	8.0011	0	0	0	5.52132	2.40332	1.89444	0.289978	0	2.82351	0	0	0	0.0416749	0	0.0147412	0.38136	0	0.838671	0	0	0.463451	16.0579	0	0	0.0418631	0	0.676836	0	0.12647	12.7323	17.9037	0.12328	0.877887	0.336327	0	0.0362314	0.279529	2.25772	30.7912	0.312354	0.0284724	0	0.0631437	3.27664	0.277532	1.74566
Trp53	199.388	455.012	456.535	377.715	498.27	406.31	475.348	257.202	397.908	172.507	309.07	491.506	571.325	579.037	223.611	345.809	280.377	296.661	168.209	229.353	347.508	297.669	220.592	232.294	599.594	399.27	207.641	96.7709	181.563	441.048	106.167	377.123	312.228	561.462	327.444	306.346	204.36	339.903	254.46	443.324	61.3663	124.738	426.529	405.655	320.514	444.886	556.349	152.784
Ttc7	0.349168	0	0.759557	0	0	0	0.0542073	15.5756	0	0.449763	0	0	0	0.0875396	0	0	0	0	0	6.34369	0	0	0	0	0	0	0.0250186	0	9.7087	0	0.764132	0	0	0	0	0	0.29692	0.00432946	1.89425	0.0177565	0.0175782	0	0.0681005	0	0.26427	0.0160565	0.00331796	0
Tusc2	3.59675	6.05479	2.05895	0.702071	1.54632	2.63323	1.98344	7.90974	2.49786	0.68983	28.8146	17.6355	1.77141	15.3083	0.149711	14.6657	1.76043	5.3246	1.06132	0	44.6921	17.0895	2.95245	0	72.5158	1.67284	0.913811	10.4854	0	26.9322	4.07084	0.667951	7.10147	8.57503	0	4.96403	78.3854	71.1951	22.5285	19.4969	0	2.11435	1.04351	1.94067	7.62563	0.981713	24.1027	6.15841
Twsg1	0.0397115	2.19433	12.2766	2.65431	6.39613	2.7312	2.30331	1.45879	7.90644	1.67937	4.81579	3.68567	17.77	33.3908	0	1.67023	4.45773	10.2729	64.968	1.87388	0.373137	0.200118	22.3035	7.10135	1.14396	0.376193	0.0143638	0.151156	24.3553	34.0886	4.4062	8.45166	1.53603	18.0353	0.376733	0.0917868	5.45362	2.38567	15.5952	9.95128	0.161463	3.85924	5.78939	29.6682	7.28562	15.7131	11.7367	0.920852
Txnrd2	0	0	0	0	0	0	0	0	0	0	0	0	0	0	0	0	0	0	0	0	0	0	0	0	0	0	13.1609	0	0	17.5934	16.281	0	0	0	0	0	0	15.9107	0	0	0	0	0	0	0	0	0	0
Tyr	18.7428	14.6654	19.3305	11.3084	10.8605	10.3968	16.2322	4.81008	8.45728	26.7581	7.26218	43.8992	8.04049	17.0134	9.65826	18.7851	10.4508	23.471	28.6406	15.248	19.3998	21.2247	15.5136	39.6343	19.3725	59.9531	13.38	14.4632	31.0889	10.1432	14.9606	5.80168	24.9025	13.7476	12.0765	4.45963	15.0432	24.0214	46.6748	21.7442	44.1759	16.2646	13.8189	13.0676	39.8931	11.3501	7.66987	7.26951
Tyro3	4.51746	0	0	0	0	8.39936	0	0	0	0	5.29679	0	0.0752018	3.47327	0.115962	5.08924	0	0.95826	0	0	0.0947469	0	0	0.267165	1.74282	0.127367	0.175061	0	0	0.230814	0.271219	0.00355877	0.13868	0.258004	0	21.58	0	0.151432	0.065007	13.4209	0.0819936	10.7448	0.582731	4.94526	1.14523	0.224782	0.696654	0
Vav1	1.87996	0.888088	0.487249	0.620717	0.223225	0.0506628	0.162847	0.298996	0.116557	0.477654	0.397904	0.216229	0.115297	0.0803756	0.423466	0.747502	0.0329386	0.673654	0.413955	0.189792	0.144439	0.0695516	0.375085	0.0518427	1.16067	0.949215	0.124994	0.0709456	0.327016	0.410471	0.0332944	0.208271	0.229508	0.489933	0.387147	0.0798412	2.18457	0.0871131	1.39158	0.373462	0.356405	0.175167	0.170133	0.0524546	0.21341	0.291089	0.190331	0.12277
Vegfa	0.0881233	7.11429	1.40823	4.35644	0.131587	0.61779	0.0332257	0.210827	0.0904004	0.522564	0.139469	0.398316	0.0703643	3.42785	0.193488	0.249197	0.416783	7.66936	12.6239	0.156798	0.458235	0.628981	0.0497189	2.96973	0.41085	0.0198872	3.03167	0.17103	7.81859	0.131893	0.163744	1.13652	2.80116	0.229559	0.0059684	0	0.142219	0.172833	9.94041	0.258306	0.323522	1.36262	0.240463	0.0216425	2.76639	10.1815	0.0301753	0.402539
Vprbp	16.233	0.22297	1.18128	7.6628	0.436851	2.2885	0.154316	21.7606	13.1524	6.63784	0.164734	5.63872	6.5493	4.0264	1.66031	19.725	1.59106	0.499777	4.39553	3.51831	2.75032	4.84954	3.88932	2.41796	7.17149	1.22391	39.0902	0.862334	4.47345	5.29829	17.7268	3.62377	3.17649	13.3743	0.0603834	6.82776	2.7786	0.279715	2.95327	8.11728	5.3403	2.04436	12.7674	1.23498	12.5278	3.13219	1.27766	0.027281
Vps33a	0	13.514	11.2485	2.58897	3.83986	2.20114	13.6538	22.2707	9.68424	0	13.9325	0	7.57362	10.5839	0	0	3.16175	5.36091	16.9349	0	0	10.451	12.5236	1.55192	15.752	15.2928	1.18674	0.00260846	0.425023	0.596058	5.25309	0.251248	8.46496	4.99662	0	0	0.160926	0.146659	10.0715	20.5379	0.317623	0	0	0	0.853043	0.145111	1.04941	0
Wasf2	12.5727	2.10068	2.44527	0.202564	6.49265	1.72638	2.38463	0.944443	2.80442	2.93961	2.64967	4.5	0.146513	10.6172	0.338962	3.22238	0.780117	5.18549	8.75841	0.102999	0.922942	2.97481	3.52125	0.780609	1.69775	1.24065	1.30748	3.39318	10.8122	3.37275	0	4.36833	2.9381	0	0.155871	0.908178	1.8886	2.2621	8.35854	0.48422	0	1.63643	7.23723	6.21275	5.492	0.389267	11.386	0
Wnt4	2.04103	2.58928	1.20758	1.6143	1.16673	2.43245	1.41334	1.90782	1.48609	4.40652	1.86093	3.46606	1.07662	2.05994	1.37155	1.77487	1.90754	2.80371	1.39031	1.29922	2.63638	4.52378	1.8339	1.46739	2.15124	4.67704	2.34379	1.08512	3.19484	2.79278	2.92953	2.04801	3.00729	4.03099	2.30872	1.02744	2.34603	5.00521	2.40154	1.74995	3.34837	2.60463	3.08778	2.49875	1.90993	3.10312	2.14924	2.96714
Wnt5a	49.9027	23.2709	20.0721	20.6227	5.34241	0.0827186	14.6563	51.4217	27.2169	14.4606	0	1.11132	0.0403549	12.6108	0	34.7989	3.93205	9.48697	12.8616	40.9876	17.2453	7.30925	28.6103	54.2096	2.0263	2.78547	18.2224	91.8571	0.233495	7.3704	0.545967	8.73305	60.5858	5.86174	26.0984	3.80163	0.356567	90.0542	23.1524	8.00184	1.29777	1.62716	49.3443	5.90342	0.0945561	10.5149	23.9019	0.0222978
Wwp1	13.8448	0.961706	4.28278	0.484403	0.458741	16.3918	1.47367	14.4153	6.16383	3.66716	5.11631	10.702	1.92777	3.09293	0.722002	0	0.383169	1.57026	4.27585	6.97912	9.27201	0.236716	14.4089	8.08036	3.67493	0	20.3155	3.62173	13.4776	3.5869	0.368834	0.0995762	0	0	2.08047	0.002132	6.02859	21.6226	4.08859	0.257451	0	12.0846	0.246793	0.574218	23.8072	1.80402	0.180395	6.17292
Xrcc4	0	0.70464	0	0	0.239924	0.0733727	0	0	0	0	0	0	0	14.5929	0	2.4136	0	4.56894	7.83984	0	12.9457	0	33.2243	4.6203	0	57.8029	0	3.45521	0	0.436448	0.576455	0	0.296775	0	0	0	0	1.14036	8.34464	36.2275	0	0	0	2.10846	29.3718	0	0	0
Xrcc5	22.797	33.5765	26.674	24.1896	1.49771	37.8612	27.1254	23.1686	24.5594	52.1693	2.30886	38.8084	0.121344	27.244	21.1282	23.9599	0	7.05896	73.2075	1.36636	57.2049	52.0606	27.5115	16.8903	32.2676	59.4864	30.2869	83.4946	4.40922	0.124056	2.40456	2.88976	12.9391	39.3096	55.9516	31.8718	5.8553	3.23461	41.2894	9.3542	0.264245	0	54.3088	15.9756	20.0597	17.5387	76.6821	19.2654
Zbtb1	0.107587	8.42186	18.8066	5.97285	1.60342	0.161165	0	0	0.252579	0.131247	0	0.637353	3.15931	0	3.2478	0.0848431	0.00770145	0	0.161974	8.46131	0	0.711603	0.0803533	2.40512	0.747122	0.0424668	0	0	7.76366	0	0.203468	0.12815	1.6646	24.0867	4.51632	0	0	7.52311	3.96648	0.165734	0	0	0.0264948	0	0	27.2808	0.0774266	0
Zfat	0.0724613	0	0	0	0	6.02114	0	0	0	0.824917	0	0	6.67001	0.0436003	0	0	1.14786	0	0	13.4866	0	0.0303286	0	0	0.00370472	14.8495	0.0026053	0	0	0.0132486	0	0.742441	0	0	0.343738	0	0	0	0	0	0	0.0708709	0	1.99265	0	0	0	0.00506251
Zfp36l1	27.5848	36.0243	6.57534	16.7823	42.9131	25.557	23.9602	0.702398	4.95199	34.6829	4.00044	6.19195	12.0997	0.836585	0.236452	12.262	37.8996	0.290725	9.49786	0.577062	6.71976	7.48958	2.95945	1.09584	13.0122	3.47619	27.9899	8.0075	74.6813	12.898	73.7339	3.22884	28.1014	15.4878	11.4799	78.614	7.31568	22.2024	23.8604	6.55043	12.7349	22.5598	10.6483	15.7895	40.987	3.57675	2.63848	0.933694
Zfp36l2	7.3417	19.1549	21.4955	15.8183	33.6841	35.0722	16.9385	31.9046	19.1962	33.8909	57.5544	26.8411	40.8009	53.5857	0.988095	88.3802	48.3114	39.8224	11.7032	62.7953	69.0541	13.7606	51.6383	3.65032	39.1024	30.2872	50.8298	28.9044	48.2164	170.532	5.5516	4.07883	85.321	63.2054	5.04885	3.87816	12.9711	55.3203	137.27	12.249	41.6801	46.9845	24.8629	22.6098	77.4699	30.5134	10.6531	0.141749
Zfpm1	1.1525	0.786098	0.468614	2.12244	2.81193	0.917672	0	0.613271	0.0646946	4.07139	0.425927	0.853345	0.27667	0	0.413418	0.706797	0	2.02906	5.10869	0.639175	0.00563957	0.121023	3.25214	0	4.14865	0.151666	0.277737	1.82526	3.19252	0	0.896457	0	0.619244	0.409582	0.455478	2.49427	0	0.120082	3.94763	7.69064	5.6581	0.0789809	0.295693	3.85203	0.104884	0.26759	10.1345	0
